2 0.09409999999999999 0.7286666666666667 0.07068333333333333 0.09984999999999995
2 0.07701666666666665 0.8921833333333332 0.09484999999999999 0.06934999999999983
0 0.034166666666666665 0.8191666666666667 0.06833333333333333 0.021666666666666667
2 0.2545 0.5762166666666667 0.016499999999999963 0.05828333333333338
0 0.2340833333333333 0.6614166666666667 0.03399999999999996 0.05781666666666676
2 0.33468333333333333 0.5089333333333333 0.14273333333333332 0.16288333333333335
2 0.5294666666666666 0.3648166666666666 0.09645000000000001 0.10129999999999996
2 0.6567500000000001 0.47478333333333333 0.10850000000000004 0.11790000000000002
2 0.5278 0.7265833333333334 0.1297666666666667 0.1673333333333333
2 0.4691666666666667 0.9491666666666667 0.058333333333333334 0.10166666666666667
2 0.36823333333333336 0.9107 0.10229999999999999 0.11891666666666652
2 0.39426666666666665 0.41875 0.15021666666666667 0.21
2 0.52635 0.24901666666666666 0.10603333333333334 0.08304999999999997
2 0.6855 0.25485 0.09100000000000004 0.12803333333333333
2 0.5641666666666667 0.9858333333333333 0.07166666666666667 0.028333333333333332
2 0.39 0.99 0.15666666666666668 0.02
2 0.4953166666666667 0.5635166666666667 0.08145000000000001 0.14366666666666675
2 0.678 0.6397333333333333 0.10933333333333337 0.1311499999999999
2 0.5819666666666666 0.1782166666666667 0.05476666666666669 0.07475000000000004
2 0.6442666666666667 0.18091666666666667 0.09981666666666665 0.09266666666666666
0 0.5630166666666667 0.5747666666666666 0.04601666666666669 0.08451666666666673
0 0.6769666666666667 0.3879333333333333 0.05141666666666671 0.07504999999999995
2 0.45593333333333336 0.8446833333333332 0.056866666666666676 0.09103333333333315