2 0.857680412371134 0.9090549828178693 0.06470790378006867 0.06678694158075582
2 0.9776632302405498 0.711340206185567 0.044673539518900345 0.06529209621993128
2 0.8787285223367698 0.49316151202749137 0.07931271477663225 0.13826460481099662
2 0.8016323024054983 0.48907216494845357 0.06802405498281792 0.08201030927835054
2 0.6433505154639175 0.4366838487972508 0.07240549828178691 0.08369415807560143
2 0.37554982817869415 0.34369415807560133 0.062474226804123734 0.04197594501718205
2 0.11826460481099664 0.38621993127147763 0.0501030927835052 0.05146048109965644
2 0.8563917525773196 0.2316151202749141 0.06158075601374576 0.05137457044673536
2 0.8823024054982818 0.019759450171821305 0.05326460481099656 0.03951890034364261
2 0.8508075601374571 0.18695876288659785 0.061271477663230184 0.037594501718213054
2 0.7161512027491409 0.3112886597938145 0.04276632302405496 0.07675257731958755
2 0.655807560137457 0.349914089347079 0.06419243986254299 0.06924398625429545
2 0.7599656357388316 0.3876975945017182 0.062027491408934744 0.07608247422680407
2 0.6929553264604811 0.23568728522336774 0.07920962199312719 0.043539518900343695
2 0.6680412371134021 0.2889518900343643 0.06719931271477665 0.05268041237113397