2 0.7896048109965635 0.2706701030927835 0.138127147766323 0.09201030927835054
2 0.9785223367697594 0.7216494845360825 0.0429553264604811 0.037800687285223365
2 0.7788659793814433 0.7129896907216494 0.02731958762886594 0.04883161512027484
2 0.711872852233677 0.7007560137457044 0.05823024054982816 0.06300687285223361
2 0.234020618556701 0.8366666666666668 0.06458762886597944 0.07281786941580755
2 0.11805841924398632 0.7649484536082474 0.0387972508591065 0.04106529209621989
2 0.08907216494845366 0.8733848797250858 0.04953608247422668 0.06463917525773177
2 0.07274914089347084 0.8167010309278351 0.04094501718213046 0.04749140893470788
2 0.0667353951890035 0.7497079037800687 0.025481099656357264 0.04065292096219926
2 0.4563058419243986 0.9322164948453607 0.06591065292096222 0.05343642611683833
2 0.34934707903780066 0.9408075601374569 0.044415807560137494 0.05343642611683833
2 0.2561512027491409 0.9223367697594501 0.05042955326460485 0.042268041237113245
2 0.18764604810996569 0.9317869415807559 0.05427835051546397 0.04398625429553249
2 0.4273024054982818 0.8531958762886597 0.03884879725085913 0.03630584192439862
2 0.3461340206185567 0.8682302405498281 0.05171821305841928 0.054329896907216305
2 0.8445876288659794 0.780189003436426 0.11065292096219928 0.041494845360824706
2 0.6223024054982818 0.845257731958763 0.05091065292096219 0.045326460481099645
2 0.6068556701030928 0.9519759450171821 0.10932989690721649 0.041391752577319446
2 0.7007044673539519 0.8173367697594501 0.06338487972508589 0.04276632302405496
2 0.9068728522336769 0.7391924398625429 0.032491408934708046 0.04108247422680407
2 0.3897250859106529 0.8332302405498283 0.03240549828178697 0.031580756013745694
2 0.6156529209621994 0.8954982817869415 0.06164948453608247 0.027250859106529038
2 0.6010481099656357 0.7664604810996564 0.03931271477663229 0.04836769759450168
2 0.6347594501718213 0.695807560137457 0.027714776632302398 0.03166666666666658
2 0.8042096219931272 0.7486426116838487 0.05395189003436422 0.025618556701030873