2 0.26015358361774743 0.30465870307167237 0.13718430034129692 0.09138225255972698
2 0.006825938566552901 0.7542662116040956 0.013651877133105802 0.040955631399317405
2 0.07266211604095563 0.7531228668941979 0.04465870307167236 0.03697952218430027
2 0.014505119453924915 0.697098976109215 0.02901023890784983 0.01877133105802048
2 0.2708191126279863 0.7439590443686006 0.027133105802047742 0.04849829351535829
2 0.33735494880546074 0.7318088737201365 0.05783276450511943 0.06257679180887366
2 0.8119453924914676 0.8667918088737202 0.06414675767918095 0.07232081911262818
2 0.9271160409556314 0.7955631399317405 0.038532423208191 0.04078498293515354
2 0.9559044368600682 0.9032593856655289 0.04919795221842991 0.06419795221842985
2 0.9721160409556313 0.846962457337884 0.04066552901023878 0.04716723549488052
2 0.9780887372013651 0.7804266211604095 0.025307167235494758 0.04037542662116036
2 0.5911774744027304 0.9616894197952217 0.06546075085324235 0.05307167235494865
2 0.69740614334471 0.9702218430034129 0.044112627986348164 0.05307167235494865
2 0.7899658703071673 0.951877133105802 0.05008532423208195 0.041979522184300185
2 0.8580034129692832 0.9612627986348122 0.053907849829351394 0.043686006825938414
2 0.6199829351535836 0.8832081911262798 0.0385836177474403 0.03605802047781589
2 0.7005972696245734 0.8981399317406142 0.05136518771331062 0.053959044368600495
2 0.20554607508532421 0.8106996587030717 0.10989761092150167 0.0412116040955631
2 0.42631399317406143 0.8753242320819113 0.05056313993174061 0.04501706484641657
2 0.4402730375426621 0.9803754266211604 0.10921501706484642 0.03924914675767918
2 0.3484470989761092 0.8475938566552901 0.06295221843003411 0.0424744027303754
2 0.14368600682593857 0.7699829351535836 0.032269624573378834 0.040802047781569914
2 0.6573037542662116 0.8633788395904438 0.032184300341296955 0.03136518771331077
2 0.43291808873720133 0.9252218430034129 0.061228668941979515 0.02706484641638208
2 0.4474232081911263 0.7970648464163822 0.03904436860068258 0.048037542662116
2 0.4139419795221843 0.7268941979522184 0.027525597269624565 0.031450511945392404
2 0.2456484641638225 0.7793686006825938 0.053583617747440235 0.025443686006825884