2 0.867 0.7212903225806452 0.06840322580645175 0.09662903225806446
2 0.8835322580645161 0.8795322580645161 0.09179032258064529 0.06711290322580629
0 0.926274193548387 0.8095967741935484 0.07083870967741947 0.019983870967741915
2 0.7117741935483871 0.5737580645161291 0.015967741935483833 0.05640322580645166
0 0.7315322580645162 0.6562096774193549 0.03290322580645157 0.055951612903225895
2 0.6341774193548387 0.5086451612903226 0.1381290322580645 0.15762903225806454
2 0.4456774193548387 0.36917741935483867 0.09333870967741936 0.09803225806451608
2 0.3225 0.4755967741935484 0.10500000000000004 0.1140967741935484
2 0.44729032258064516 0.7192741935483871 0.12558064516129033 0.1619354838709677
2 0.5035322580645162 0.9375645161290322 0.05745161290322581 0.10254838709677408
2 0.6017096774193549 0.8974516129032257 0.09899999999999999 0.11508064516129017
2 0.576516129032258 0.4213709677419355 0.14537096774193548 0.2032258064516129
2 0.4486935483870968 0.25711290322580643 0.10261290322580646 0.08037096774193546
2 0.2946774193548387 0.26275806451612904 0.0880645161290323 0.1239032258064516
2 0.4120967741935484 0.978225806451613 0.06935483870967742 0.043548387096774194
2 0.5806451612903226 0.9822580645161291 0.15161290322580645 0.035483870967741936
2 0.4787258064516129 0.5614677419354839 0.0788225806451613 0.1390322580645162
2 0.30193548387096775 0.6352258064516129 0.10580645161290327 0.12691935483870959
2 0.3948709677419355 0.1885967741935484 0.05300000000000002 0.07233870967741939
2 0.3345806451612903 0.19120967741935482 0.09659677419354837 0.0896774193548387
0 0.4132096774193548 0.5723548387096774 0.044532258064516154 0.08179032258064522
0 0.30293548387096775 0.3915483870967742 0.04975806451612907 0.07262903225806447
2 0.5168387096774194 0.8335645161290322 0.055032258064516136 0.08809677419354821