2 0.8218167202572347 0.8489871382636655 0.06054662379421217 0.06249196141479082
2 0.9363665594855305 0.6631350482315113 0.04850482315112552 0.06036977491961407
2 0.8415112540192925 0.4598392282958199 0.07421221864951781 0.1293729903536978
2 0.7693729903536978 0.4560128617363344 0.06364951768488751 0.07673633440514473
2 0.6212700964630226 0.40699356913183277 0.06774919614147908 0.07831189710610938
2 0.37069131832797425 0.31998392282958193 0.0584565916398714 0.03927652733118963
2 0.12995176848874604 0.35977491961414787 0.04688102893890688 0.04815112540192933
2 0.8206109324758842 0.21511254019292605 0.0576205787781351 0.04807073954983919
2 0.844855305466238 0.017684887459807074 0.04983922829581994 0.03536977491961415
2 0.8153858520900322 0.17332797427652724 0.05733118971061088 0.035176848874598154
2 0.6893890675241158 0.2896623794212219 0.04001607717041798 0.07181672025723466
2 0.6329260450160772 0.32580385852090027 0.06006430868167205 0.06479099678456585
2 0.7303858520900322 0.36115755627009644 0.05803858520900325 0.07118971061093243
2 0.6676848874598071 0.2189228295819936 0.07411575562700969 0.040739549839228346
2 0.6443729903536978 0.26876205787781354 0.06287781350482317 0.04929260450160767