2 0.13509374999999998 0.701875 0.066265625 0.093609375
2 0.11907812499999999 0.8551718749999999 0.088921875 0.065015625
0 0.077671875 0.7874218749999999 0.068625 0.019359375
2 0.28546875 0.558953125 0.01546875 0.054640625
0 0.26632812499999997 0.6388281250000001 0.031875 0.054203125
2 0.360640625 0.495875 0.1338125 0.152703125
2 0.54325 0.360765625 0.090421875 0.09496875
2 0.662578125 0.463859375 0.10171875 0.11053125
2 0.5416875 0.699921875 0.12165625 0.15687500000000001
2 0.487203125 0.9113906249999999 0.05565625 0.09934375
2 0.39209375 0.87253125 0.09590625 0.111484375
2 0.4165 0.411328125 0.140828125 0.196875
2 0.540328125 0.252203125 0.09940625 0.077859375
2 0.68953125 0.257671875 0.0853125 0.12003124999999999
2 0.57684375 0.96353125 0.06696875 0.06690625
2 0.413578125 0.968953125 0.1466875 0.062109375
2 0.511234375 0.547046875 0.076359375 0.13468750000000002
2 0.6825 0.6184999999999999 0.1025 0.122953125
2 0.59246875 0.185828125 0.05134375 0.070078125
2 0.650875 0.188359375 0.093578125 0.08687500000000001
0 0.574703125 0.55759375 0.043140625 0.079234375
0 0.68153125 0.3824375 0.048203125 0.070359375
2 0.4743125 0.8106406249999999 0.0533125 0.08534375