2 0.2955097087378641 0.33616504854368934 0.06674757281553398 0.08495145631067962
2 0.6438106796116505 0.23725728155339806 0.14199029126213591 0.11286407766990292
2 0.5952669902912622 0.3428398058252427 0.06432038834951456 0.08131067961165049
2 0.2433252427184466 0.24271844660194175 0.08373786407766991 0.06310679611650485
2 0.31735436893203883 0.2554611650485437 0.06674757281553398 0.05703883495145631
2 0.4508495145631068 0.3276699029126214 0.09101941747572816 0.07766990291262135
2 0.16929611650485438 0.6116504854368932 0.06674757281553398 0.0825242718446602
2 0.24575242718446602 0.6189320388349514 0.07402912621359223 0.04854368932038835
2 0.22269417475728157 0.6856796116504854 0.04733009708737864 0.050970873786407765
2 0.25849514563106796 0.6941747572815534 0.055825242718446605 0.03398058252427184
2 0.5309466019417476 0.7063106796116505 0.08131067961165049 0.04854368932038835
2 0.7997572815533981 0.5928398058252428 0.09466019417475728 0.08616504854368932
3 0.17718446601941748 0.23118932038834952 0.024271844660194174 0.08616504854368932
3 0.14987864077669902 0.44356796116504854 0.03762135922330097 0.03519417475728155
2 0.44478155339805825 0.43021844660194175 0.03519417475728155 0.061893203883495146
2 0.3580097087378641 0.33313106796116504 0.03640776699029126 0.08131067961165049
3 0.23483009708737865 0.1553398058252427 0.05218446601941747 0.05339805825242718
2 0.2651699029126214 0.08070388349514564 0.0691747572815534 0.07160194174757281
2 0.4696601941747573 0.08070388349514564 0.04611650485436893 0.07160194174757281
2 0.36893203883495146 0.47815533980582525 0.03398058252427184 0.05825242718446602
2 0.4824029126213592 0.5455097087378641 0.032766990291262135 0.03033980582524272
2 0.36529126213592233 0.6389563106796117 0.02669902912621359 0.032766990291262135