2 0.29507211538461536 0.6622596153846154 0.06610576923076923 0.08413461538461539
2 0.6400240384615384 0.7602163461538461 0.140625 0.11177884615384616
2 0.5919471153846154 0.6556490384615384 0.06370192307692307 0.08052884615384616
2 0.24338942307692307 0.7548076923076923 0.0829326923076923 0.0625
2 0.3167067307692308 0.7421875 0.06610576923076923 0.056490384615384616
2 0.4489182692307692 0.6706730769230769 0.09014423076923077 0.07692307692307693
2 0.1700721153846154 0.3894230769230769 0.06610576923076923 0.08173076923076923
2 0.24579326923076922 0.38221153846153844 0.0733173076923077 0.04807692307692308
2 0.22295673076923078 0.3161057692307692 0.046875 0.05048076923076923
2 0.25841346153846156 0.3076923076923077 0.055288461538461536 0.03365384615384615
2 0.5282451923076923 0.2956730769230769 0.08052884615384616 0.04807692307692308
2 0.7944711538461539 0.40805288461538464 0.09375 0.08533653846153846
3 0.1778846153846154 0.7662259615384616 0.02403846153846154 0.08533653846153846
3 0.15084134615384615 0.5558894230769231 0.037259615384615384 0.03485576923076923
2 0.44290865384615385 0.5691105769230769 0.03485576923076923 0.06129807692307692
2 0.35697115384615385 0.6652644230769231 0.036057692307692304 0.08052884615384616
3 0.23497596153846154 0.8413461538461539 0.051682692307692304 0.052884615384615384
2 0.26502403846153844 0.9152644230769231 0.06850961538461539 0.07091346153846154
2 0.4675480769230769 0.9152644230769231 0.04567307692307692 0.07091346153846154
2 0.36778846153846156 0.5216346153846154 0.03365384615384615 0.057692307692307696
2 0.4801682692307692 0.45492788461538464 0.03245192307692308 0.030048076923076924
2 0.3641826923076923 0.3623798076923077 0.026442307692307692 0.03245192307692308