2 0.7069174757281553 0.33616504854368934 0.06674757281553398 0.08495145631067962
2 0.3586165048543689 0.23725728155339806 0.14199029126213591 0.11286407766990292
2 0.4071601941747573 0.3428398058252427 0.06432038834951456 0.08131067961165049
2 0.7591019417475728 0.24271844660194175 0.08373786407766991 0.06310679611650485
2 0.6850728155339806 0.2554611650485437 0.06674757281553398 0.05703883495145631
2 0.5515776699029126 0.3276699029126214 0.09101941747572816 0.07766990291262135
2 0.8331310679611651 0.6116504854368932 0.06674757281553398 0.0825242718446602
2 0.7566747572815534 0.6189320388349514 0.07402912621359223 0.04854368932038835
2 0.7797330097087378 0.6856796116504854 0.04733009708737864 0.050970873786407765
2 0.7439320388349514 0.6941747572815534 0.055825242718446605 0.03398058252427184
2 0.47148058252427183 0.7063106796116505 0.08131067961165049 0.04854368932038835
2 0.20266990291262135 0.5928398058252428 0.09466019417475728 0.08616504854368932
3 0.8252427184466019 0.23118932038834952 0.024271844660194174 0.08616504854368932
3 0.8525485436893204 0.44356796116504854 0.03762135922330097 0.03519417475728155
2 0.5576456310679612 0.43021844660194175 0.03519417475728155 0.061893203883495146
2 0.6444174757281553 0.33313106796116504 0.03640776699029126 0.08131067961165049
3 0.7675970873786407 0.1553398058252427 0.05218446601941747 0.05339805825242718
2 0.7372572815533981 0.08070388349514564 0.0691747572815534 0.07160194174757281
2 0.5327669902912622 0.08070388349514564 0.04611650485436893 0.07160194174757281
2 0.633495145631068 0.47815533980582525 0.03398058252427184 0.05825242718446602
2 0.5200242718446602 0.5455097087378641 0.032766990291262135 0.03033980582524272
2 0.6371359223300971 0.6389563106796117 0.02669902912621359 0.032766990291262135