2 0.004918032786885246 0.13934426229508196 0.009836065573770493 0.08196721311475409
2 0.3650655737704918 0.3011147540983607 0.29404918032786886 0.2485901639344262
2 0.4554262295081967 0.3945245901639345 0.22478688524590165 0.14375409836065564
2 0.38616393442622954 0.5307540983606557 0.1272622950819672 0.12129508196721313
2 0.4968196721311475 0.5229672131147541 0.11044262295081968 0.11227868852459018
2 0.5923114754098361 0.4723606557377049 0.14078688524590163 0.1192131147540984
2 0.37798360655737706 0.6604262295081967 0.11086885245901638 0.09555737704918027
2 0.4527540983606557 0.8329180327868853 0.20716393442622952 0.103016393442623
2 0.6054098360655737 0.9066721311475409 0.11493442622950822 0.10306557377049162
2 0.6515245901639345 0.9285901639344263 0.07188524590163937 0.10431147540983625
2 0.7040983606557377 0.9549180327868853 0.12950819672131147 0.09016393442622951
2 0.6527377049180327 0.7460491803278689 0.19729508196721296 0.1128032786885245
2 0.9795081967213115 0.9704918032786886 0.040983606557377046 0.05901639344262295
2 0.46137704918032785 0.6518196721311476 0.06249180327868853 0.05539344262295076
2 0.46814754098360656 0.681311475409836 0.06945901639344262 0.061967213114754026
2 0.5589180327868852 0.6681803278688525 0.16249180327868853 0.09209836065573782
2 0.5119836065573771 0.7562786885245902 0.09200000000000001 0.0797540983606557