2 0.9895498392282959 0.8729903536977492 0.02090032154340836 0.08038585209003216
2 0.6307234726688103 0.7143408360128617 0.28837620578778134 0.2437942122186495
2 0.5421061093247589 0.6227331189710611 0.22045016077170418 0.14098070739549828
2 0.610032154340836 0.48913183279742767 0.12480707395498392 0.11895498392282959
2 0.5015112540192926 0.49676848874598073 0.10831189710610933 0.11011254019292606
2 0.40786173633440514 0.5463987138263666 0.13807073954983923 0.1169131832797428
2 0.6180546623794212 0.36196141479099675 0.10872990353697748 0.09371382636655952
2 0.5447266881028939 0.1927974276527331 0.20316720257234727 0.10102893890675242
2 0.395016077170418 0.1204662379421222 0.11271704180064311 0.10107717041800644
2 0.34979099678456593 0.09897106109324759 0.07049839228295823 0.10229903536977492
2 0.2993569131832797 0.06782958199356913 0.1271704180064309 0.1003054662379421
2 0.34860128617363345 0.2779903536977492 0.19348874598070734 0.11062700964630226
2 0.024115755627009645 0.05787781350482315 0.04823151125401929 0.05787781350482315
2 0.5362700964630225 0.3704019292604501 0.06128617363344052 0.05432475884244376
2 0.5296302250803858 0.3414790996784566 0.06811897106109326 0.06077170418006433
2 0.44061093247588423 0.3543569131832797 0.15935691318327974 0.09032154340836014
2 0.48663987138263665 0.2679581993569132 0.0902250803858521 0.07821543408360125