2 0.33375634517766495 0.3604060913705584 0.10913705583756345 0.08629441624365482
2 0.15862944162436549 0.3895939086294416 0.10406091370558376 0.07360406091370558
2 0.833756345177665 0.42385786802030456 0.19543147208121828 0.06598984771573604
2 0.9124365482233503 0.48096446700507617 0.10406091370558376 0.06852791878172589
2 0.217005076142132 0.5038071065989848 0.07868020304568528 0.10406091370558376
2 0.9365482233502538 0.5342639593908629 0.12690355329949238 0.09898477157360407
2 0.7893401015228426 0.5469543147208121 0.27411167512690354 0.1598984771573604
2 0.3083756345177665 0.7157360406091371 0.24111675126903553 0.12690355329949238
1 0.10786802030456853 0.8109137055837563 0.10913705583756345 0.21573604060913706
2 0.5451522842639593 0.6773604060913705 0.171497461928934 0.214289340101523
2 0.04949238578680203 0.5177664974619289 0.09898477157360407 0.10152284263959391
2 0.025380710659898477 0.42385786802030456 0.050761421319796954 0.10152284263959391
2 0.09700507614213205 0.6107868020304568 0.11703045685279191 0.09380710659898486
2 0.5311928934010152 0.4760913705583757 0.19309644670050757 0.07230964467005078
2 0.4791624365482233 0.2885532994923858 0.09030456852791874 0.04154822335025382
2 0.32837563451776647 0.49129441624365483 0.09751269035532985 0.14675126903553298
2 0.27718274111675123 0.6215989847715737 0.15591370558375622 0.167969543147208
2 0.4176395939086295 0.3348730964467005 0.0877664974619289 0.05109137055837562
2 0.5876649746192893 0.438020304568528 0.11692893401015227 0.0740355329949239