2 0.6482843137254902 0.38480392156862747 0.1053921568627451 0.08333333333333333
2 0.8174019607843137 0.41299019607843135 0.10049019607843138 0.07107843137254902
2 0.16544117647058823 0.44607843137254904 0.18872549019607843 0.06372549019607843
2 0.08946078431372549 0.5012254901960784 0.10049019607843138 0.0661764705882353
2 0.7610294117647058 0.5232843137254902 0.07598039215686274 0.10049019607843138
2 0.06372549019607843 0.5526960784313726 0.12745098039215685 0.09558823529411764
2 0.20833333333333334 0.5649509803921569 0.2647058823529412 0.15441176470588236
2 0.6727941176470589 0.7279411764705882 0.23284313725490197 0.12254901960784313
1 0.866421568627451 0.8198529411764706 0.1053921568627451 0.20833333333333334
2 0.4441421568627451 0.6908823529411765 0.1656127450980392 0.2069362745098041
2 0.9375 0.5367647058823529 0.125 0.09803921568627451
2 0.9607843137254902 0.44607843137254904 0.0784313725490196 0.09803921568627451
2 0.8769117647058823 0.626593137254902 0.11301470588235298 0.09058823529411773
2 0.45762254901960786 0.4965196078431373 0.18647058823529408 0.06982843137254904
2 0.5078676470588236 0.3154166666666667 0.08720588235294113 0.04012254901960786
2 0.6534803921568627 0.5112009803921569 0.09416666666666657 0.14171568627450978
2 0.7029166666666667 0.6370343137254902 0.15056372549019595 0.16220588235294106
2 0.5672794117647059 0.36014705882352943 0.08475490196078428 0.049338235294117634
2 0.4030882352941177 0.45975490196078433 0.11291666666666665 0.07149509803921572