2 0.6532315112540193 0.11548231511254026 0.0930707395498392 0.08657556270096449
2 0.19935691318327975 0.03858520900321544 0.1414790996784566 0.07717041800643087
2 0.31 0.12491961414791004 0.07257234726688101 0.07974276527331176
2 0.21554662379421222 0.197427652733119 0.08464630225080383 0.06125401929260454
2 0.22419614147909966 0.33342443729903537 0.08987138263665591 0.16845659163987134
2 0.27826366559485527 0.3314630225080386 0.07934083601286178 0.11683279742765267
2 0.31482315112540193 0.30011254019292605 0.06245980707395502 0.0991318327974276
2 0.3879742765273312 0.17712218649517678 0.04844051446945337 0.11147909967845655
2 0.34234726688102896 0.24604501607717044 0.0368006430868167 0.10541800643086825
2 0.39339228295819934 0.2637299035369775 0.09101286173633442 0.07324758842443739
2 0.512556270096463 0.25731511254019296 0.085 0.06816720257234724
2 0.627508038585209 0.3320578778135049 0.0962700964630225 0.06017684887459799
2 0.5483279742765274 0.342475884244373 0.07495176848874599 0.06999999999999994
2 0.5613987138263665 0.4742926045016077 0.09586816720257234 0.052218649517684915
2 0.4635369774919614 0.20146302250803858 0.08660771704180065 0.07536977491961414
2 0.28266881028938906 0.2321704180064309 0.04684887459807072 0.12350482315112549
2 0.46413183279742765 0.304935691318328 0.03315112540192927 0.08948553054662374
2 0.4239389067524116 0.3346623794212219 0.036350482315112564 0.1071864951768488
2 0.3915916398713826 0.31678456591639875 0.05085209003215433 0.07784565916398707
2 0.264983922829582 0.517491961414791 0.07580385852090028 0.07112540192926047
2 0.47117363344051444 0.38688102893890675 0.06329581993569132 0.07440514469453371
2 0.47940514469453377 0.4222347266881029 0.06369774919614149 0.06474276527331187
2 0.8308520900321543 0.5128617363344051 0.085353697749196 0.03938906752411576
2 0.8421061093247588 0.5711254019292604 0.07570739549839216 0.07557877813504822
2 0.8748713826366559 0.6607395498392283 0.06376205787781364 0.06517684887459801
2 0.8063504823151125 0.6762057877813505 0.0520900321543408 0.10255627009646297
2 0.7096784565916398 0.6368006430868167 0.1058681672025722 0.1080064308681673
2 0.44946945337620575 0.4929581993569132 0.07454983922829583 0.061479099678456606
2 0.3427652733118971 0.39832797427652733 0.06689710610932478 0.07720257234726685
2 0.2637942122186495 0.44818327974276523 0.043971061093247624 0.06426045016077175
2 0.33191318327974273 0.5267363344051447 0.035546623794212244 0.079967845659164
2 0.29392282958199356 0.5902090032154341 0.08864951768488744 0.03339228295819933
2 0.48242765273311894 0.6207556270096464 0.07294212218649518 0.052700964630225035
2 0.45247588424437296 0.574935691318328 0.08019292604501607 0.06464630225080392
2 0.38355305466237943 0.5385852090032154 0.0359485530546624 0.09403536977491962
2 0.3590353697749196 0.5323633440514469 0.03514469453376208 0.09765273311897107
2 0.41408360128617366 0.44935691318327975 0.09586816720257234 0.10691318327974277
2 0.5278295819935691 0.6651607717041801 0.06733118971061093 0.04831189710610925
2 0.532459807073955 0.619935691318328 0.05728295819935691 0.058199356913183356
2 0.33773311897106106 0.47046623794212217 0.055691318327974255 0.06471061093247589
2 0.7263665594855305 0.6078938906752411 0.07538585209003214 0.062347266881028894