2 0.6475694444444444 0.9600694444444444 0.10069444444444445 0.0798611111111111
2 0.2769097222222222 0.9565972222222222 0.078125 0.08680555555555555
2 0.17373263888888887 0.8788194444444444 0.09140624999999997 0.06614583333333338
2 0.18307291666666664 0.7319618055555556 0.09704861111111107 0.18190972222222218
2 0.2414583333333333 0.7340798611111111 0.08567708333333338 0.12616319444444438
2 0.2809375 0.7679340277777778 0.0674479166666667 0.10704861111111105
2 0.35993055555555553 0.9007465277777779 0.05230902777777777 0.1203819444444443
2 0.3106597222222222 0.8263194444444444 0.03973958333333331 0.11383680555555564
2 0.36578125 0.8072222222222222 0.09828125000000003 0.07909722222222232
2 0.4944618055555556 0.8141493055555555 0.09178819444444446 0.07361111111111107
2 0.61859375 0.7334375 0.10395833333333332 0.0649826388888888
2 0.5330902777777777 0.7221875 0.08093750000000001 0.07559027777777771
2 0.5472048611111111 0.57984375 0.10352430555555554 0.05638888888888892
2 0.44152777777777774 0.8744618055555555 0.09352430555555556 0.08138888888888889
2 0.24621527777777777 0.8413020833333333 0.050590277777777755 0.13336805555555564
2 0.4421701388888889 0.7627256944444444 0.03579861111111112 0.0966319444444444
2 0.3987673611111111 0.730625 0.039253472222222245 0.1157465277777777
2 0.36383680555555553 0.7499305555555555 0.05491319444444444 0.08406249999999993
2 0.22711805555555553 0.5331944444444444 0.08185763888888885 0.07680555555555557
2 0.44977430555555553 0.6742361111111111 0.06835069444444446 0.08034722222222218
2 0.4586631944444444 0.6360590277777778 0.06878472222222223 0.06991319444444441
2 0.8381770833333334 0.5381944444444444 0.09217013888888895 0.042534722222222224
2 0.8503298611111112 0.47527777777777774 0.08175347222222228 0.08161458333333332
2 0.8857118055555556 0.37850694444444444 0.0688541666666666 0.07038194444444448
2 0.81171875 0.36180555555555555 0.05624999999999996 0.11074652777777781
2 0.7073263888888888 0.40435763888888887 0.11432291666666651 0.11663194444444445
2 0.42633680555555553 0.5596875 0.08050347222222223 0.0663888888888889
2 0.3111111111111111 0.661875 0.07223958333333336 0.08336805555555553
2 0.2258333333333333 0.6080381944444445 0.04748263888888893 0.06939236111111116
2 0.2993923611111111 0.5232118055555556 0.03838541666666669 0.08635416666666668
2 0.25836805555555553 0.45467013888888885 0.09572916666666664 0.036059027777777745
2 0.4619270833333333 0.42168402777777775 0.07876736111111111 0.056909722222222174
2 0.4295833333333333 0.47116319444444443 0.08659722222222221 0.06980902777777784
2 0.35515625 0.5104166666666666 0.03881944444444447 0.1015451388888889
2 0.32868055555555553 0.5171354166666666 0.03795138888888891 0.1054513888888889
2 0.388125 0.6067708333333334 0.10352430555555554 0.1154513888888889
2 0.5109548611111111 0.3737326388888889 0.07270833333333332 0.05217013888888891
2 0.5159548611111111 0.42256944444444444 0.06185763888888888 0.06284722222222221
2 0.3056770833333333 0.5839756944444444 0.06013888888888887 0.06987847222222222
2 0.7253472222222223 0.43557291666666664 0.08140624999999997 0.06732638888888884