2 0.346390625 0.878390625 0.090453125 0.084140625
2 0.78815625 0.955140625 0.13803125 0.077453125
2 0.67996875 0.8692187499999999 0.07053125 0.0775
2 0.771765625 0.79875 0.082265625 0.05953125
2 0.7633593750000001 0.666578125 0.08734375 0.16371875
2 0.7108125000000001 0.668484375 0.07710937500000001 0.113546875
2 0.67528125 0.698953125 0.060703125000000004 0.09634374999999999
2 0.6041875 0.818484375 0.047078125 0.10834375
2 0.64853125 0.7515 0.035765625 0.10245312499999999
2 0.598921875 0.7343124999999999 0.088453125 0.0711875
2 0.483109375 0.7405468749999999 0.082609375 0.06625
2 0.371390625 0.6679062499999999 0.0935625 0.058484375
2 0.44834375 0.65778125 0.07284375 0.06803125
2 0.435640625 0.529671875 0.093171875 0.050749999999999997
2 0.53075 0.794828125 0.084171875 0.07325000000000001
2 0.70653125 0.7649843749999999 0.04553125 0.12003124999999999
2 0.530171875 0.694265625 0.032218750000000004 0.08696875
2 0.569234375 0.6653749999999999 0.035328125 0.104171875
2 0.600671875 0.68275 0.049421875 0.07565625000000001
2 0.72371875 0.4876875 0.073671875 0.069125
2 0.523328125 0.614625 0.061515625 0.0723125
2 0.515328125 0.580265625 0.061906249999999996 0.062921875
2 0.17376562499999998 0.4921875 0.082953125 0.03828125
2 0.162828125 0.43556249999999996 0.07357812500000001 0.073453125
2 0.130984375 0.34846875 0.061968749999999996 0.06334375
2 0.197578125 0.3334375 0.050624999999999996 0.099671875
2 0.29153125 0.371734375 0.10289062499999999 0.10496875000000001
2 0.544421875 0.51153125 0.072453125 0.059750000000000004
2 0.6481250000000001 0.6035 0.065015625 0.07503125000000001
2 0.724875 0.555046875 0.042734375000000005 0.062453125
2 0.658671875 0.478703125 0.034546875 0.07771875
2 0.69559375 0.417015625 0.08615625 0.032453125
2 0.512390625 0.38732812499999997 0.070890625 0.05121875
2 0.5415 0.431859375 0.0779375 0.062828125
2 0.608484375 0.4671875 0.034937499999999996 0.091390625
2 0.6323125 0.473234375 0.03415625 0.09490625
2 0.5788125 0.55390625 0.093171875 0.10390625
2 0.468265625 0.344171875 0.06543750000000001 0.046953125
2 0.463765625 0.388125 0.055671875 0.0565625
2 0.653015625 0.533390625 0.054125 0.062890625
2 0.27531249999999996 0.399828125 0.073265625 0.06059375