1 0.2914516129032258 0.6199354838709678 0.048209677419354814 0.06335483870967737
2 0.3855967741935484 0.4669516129032258 0.06311290322580644 0.06688709677419359
2 0.2864032258064516 0.4488225806451613 0.07441935483870965 0.06285483870967747
2 0.3930483870967742 0.9533064516129032 0.04174193548387096 0.03048387096774208
2 0.18217741935483872 0.8374193548387098 0.0635483870967742 0.04372580645161274
2 0.2720967741935484 0.9686290322580644 0.07401612903225804 0.03854838709677434
2 0.13843548387096774 0.9730645161290322 0.044612903225806445 0.03451612903225821
2 0.8532903225806451 0.3812903225806451 0.06304838709677406 0.05675806451612912
2 0.9518709677419355 0.34159677419354845 0.07874193548387086 0.06762903225806444
2 0.646258064516129 0.054774193548387154 0.1287903225806452 0.09688709677419345
2 0.45756451612903226 0.6886612903225807 0.074 0.05895161290322573