2 0.8991961414790997 0.8373151125401929 0.1574115755627011 0.09424437299035353
2 0.845337620578778 0.43268488745980704 0.08827974276527345 0.0808038585209003
2 0.7440514469453376 0.7215755627009646 0.1271543408360129 0.16824758842443727
2 0.7633440514469454 0.489935691318328 0.10143086816720262 0.09483922829581995
2 0.6584405144694534 0.35533762057877816 0.09260450160771708 0.0909003215434084
2 0.5993729903536977 0.3597588424437299 0.09503215434083603 0.10776527331189716
2 0.4993086816720257 0.285016077170418 0.09705787781350483 0.0547749196141479
2 0.4892604501607717 0.24242765273311895 0.10911575562700965 0.04996784565916396
2 0.4165112540192926 0.16909967845659166 0.05363344051446948 0.06810289389067527
2 0.22239549839228293 0.16406752411575562 0.0801286173633441 0.07815112540192924
2 0.19726688102893888 0.2337942122186495 0.06655948553054658 0.07689710610932474
2 0.6045980707395499 0.6910450160771704 0.12762057877813504 0.1554019292604501
2 0.49506430868167206 0.7465273311897106 0.13966237942122187 0.1355466237942123
2 0.4504662379421222 0.647652733118971 0.12278135048231512 0.08471061093247578
2 0.5312379421221866 0.5642926045016078 0.1219774919614148 0.06183279742765279
2 0.4563022508038585 0.5417684887459807 0.07856913183279743 0.14221864951768495
2 0.5463183279742765 0.47165594855305465 0.1557395498392283 0.10247588424437301
2 0.39842443729903537 0.44916398713826367 0.13000000000000003 0.08963022508038586
2 0.3061897106109325 0.4097749196141479 0.06734726688102892 0.10734726688102891
2 0.23443729903536975 0.43710610932475885 0.08866559485530542 0.08160771704180063
2 0.3791318327974276 0.29565916398713826 0.0881993569131833 0.10419614147909968
2 0.4910610932475884 0.35110932475884243 0.07736334405144696 0.1186173633440514
2 0.6574437299035369 0.56467845659164 0.13043408360128617 0.0996141479099679
2 0.3612540192926045 0.37120578778135044 0.0717202572347267 0.06236334405144698