2 0.11203125 0.8215781249999999 0.152984375 0.09159375
2 0.164375 0.428328125 0.085796875 0.07853125
2 0.2628125 0.70909375 0.12357812500000001 0.163515625
2 0.2440625 0.48396875 0.098578125 0.092171875
2 0.346015625 0.35315625 0.09 0.08834375
2 0.403421875 0.35745312500000004 0.092359375 0.104734375
2 0.500671875 0.2848125 0.094328125 0.053234375
2 0.5104375 0.24342187499999998 0.10604687500000001 0.048562499999999995
2 0.581140625 0.17215625 0.052125 0.0661875
2 0.769796875 0.167265625 0.077875 0.075953125
2 0.79421875 0.23503124999999997 0.0646875 0.07473437499999999
2 0.39834375 0.679421875 0.12403125 0.15103125
2 0.504796875 0.73334375 0.13573437500000002 0.13173437500000001
2 0.548140625 0.63725 0.11932812500000001 0.082328125
2 0.469640625 0.5562343750000001 0.11854687500000001 0.06009375
2 0.54246875 0.53434375 0.076359375 0.13821875
2 0.454984375 0.466203125 0.15135937500000002 0.09959375000000001
2 0.59871875 0.44434375 0.12634375 0.087109375
2 0.688359375 0.4060625 0.065453125 0.104328125
2 0.75809375 0.432625 0.086171875 0.0793125
2 0.61746875 0.29515625 0.08571875 0.101265625
2 0.5086875 0.349046875 0.07518749999999999 0.11528125
2 0.346984375 0.5566093750000001 0.126765625 0.0968125
2 0.63484375 0.368578125 0.069703125 0.060609375