3 0.03588235294117647 0.8322058823529411 0.05787581699346406 0.09740196078431357
3 0.44393790849673204 0.33395424836601306 0.13705882352941176 0.22509803921568625
3 0.30934640522875817 0.248218954248366 0.059869281045751614 0.0699673202614379
3 0.3107843137254902 0.31519607843137254 0.050473856209150306 0.07318627450980396
3 0.5552450980392157 0.4048039215686275 0.11825163398692812 0.21730392156862746
3 0.5429901960784314 0.6331045751633987 0.11864379084967322 0.10366013071895415
3 0.7690686274509804 0.2380065359477124 0.08472222222222225 0.06424836601307188
2 0.40287581699346403 0.1273202614379085 0.20607843137254903 0.1745751633986928
2 0.07598039215686274 0.0988562091503268 0.15196078431372548 0.1977124183006536
3 0.8562091503267973 0.10702614379084967 0.1437908496732026 0.21405228758169934
2 0.8850816993464051 0.5446895424836602 0.16312091503267961 0.19558823529411773
3 0.27728758169934636 0.9291830065359477 0.06519607843137251 0.09612745098039203
3 0.31955882352941173 0.7752124183006536 0.08846405228758168 0.1721732026143791
3 0.45169934640522874 0.8056372549019607 0.07905228758169934 0.16357843137254885
3 0.4128921568627451 0.6231045751633987 0.09130718954248365 0.10078431372549011
3 0.9893790849673203 0.7026143790849673 0.021241830065359478 0.09803921568627451
2 0.7498692810457517 0.5775653594771242 0.10351307189542487 0.1526797385620916
3 0.12534313725490195 0.6900816993464052 0.055408496732026136 0.08767973856209145
3 0.1511437908496732 0.9697712418300654 0.08006535947712418 0.06045751633986928
3 0.252156862745098 0.6257516339869281 0.0762254901960784 0.15101307189542476
3 0.14044117647058824 0.8430228758169934 0.0774673202614379 0.11169934640522859
3 0.9877450980392157 0.809640522875817 0.024509803921568627 0.08333333333333333
3 0.5220588235294118 0.025326797385620915 0.04411764705882353 0.05065359477124183