3 0.025974025974025976 0.8474025974025974 0.05194805194805195 0.09740259740259741
3 0.42969155844155843 0.35288961038961036 0.13616883116883116 0.22363636363636363
3 0.29597402597402594 0.267711038961039 0.05948051948051946 0.069512987012987
3 0.2974025974025974 0.33425324675324675 0.050146103896103876 0.07271103896103899
3 0.540275974025974 0.4232792207792208 0.11748376623376625 0.21589285714285716
3 0.5281006493506494 0.6500974025974026 0.11787337662337664 0.10298701298701289
3 0.752711038961039 0.25756493506493505 0.08417207792207795 0.06383116883116882
2 0.3888961038961039 0.1475974025974026 0.20474025974025975 0.17344155844155845
2 0.0698051948051948 0.10876623376623376 0.1396103896103896 0.21753246753246752
3 0.8392857142857143 0.11688311688311688 0.14285714285714285 0.23376623376623376
2 0.8679707792207791 0.5622564935064935 0.16206168831168818 0.1943181818181819
3 0.2641233766233766 0.9442532467532467 0.06477272727272723 0.09550324675324663
3 0.3061201298701299 0.7912824675324676 0.08788961038961036 0.17105519480519482
3 0.4374025974025974 0.8215097402597402 0.07853896103896103 0.16251623376623361
3 0.3988474025974026 0.6401623376623377 0.0907142857142857 0.10012987012987005
3 0.9805194805194806 0.7191558441558441 0.03896103896103896 0.09740259740259741
2 0.7336363636363636 0.5949188311688313 0.10284090909090912 0.1516883116883118
3 0.1131655844155844 0.7067045454545454 0.05504870129870129 0.08711038961038955
3 0.1387987012987013 0.9772727272727273 0.07954545454545454 0.045454545454545456
3 0.23915584415584415 0.6427922077922078 0.07573051948051944 0.15003246753246746
3 0.12816558441558443 0.8586525974025974 0.07696428571428571 0.11097402597402581
3 0.9788961038961039 0.825487012987013 0.04220779220779221 0.08279220779220779
3 0.5073051948051948 0.03571428571428571 0.04383116883116883 0.07142857142857142