3 0.03885135135135135 0.34881756756756754 0.0777027027027027 0.09966216216216216
3 0.05152027027027027 0.5523648648648649 0.10304054054054054 0.07094594594594594
3 0.6212837837837838 0.1443412162162163 0.15136824324324327 0.2113175675675675
3 0.819543918918919 0.1304054054054055 0.12979729729729736 0.18344594594594588
3 0.96875 0.09543918918918919 0.0625 0.11655405405405406
3 0.3335304054054054 0.5903547297297298 0.07836148648648647 0.08364864864864861
3 0.35695945945945945 0.5441047297297298 0.07322635135135139 0.05613175675675679
3 0.41312499999999996 0.5213344594594594 0.08130067567567567 0.07388513513513514
3 0.919206081081081 0.5838175675675675 0.05883445945945934 0.050287162162162134
3 0.8767567567567567 0.38645270270270266 0.10319256756756742 0.09113175675675683
3 0.9578378378378378 0.38707770270270264 0.079239864864865 0.08902027027027035
3 0.5338851351351351 0.3626013513513514 0.08635135135135136 0.0873141891891891
3 0.6071621621621621 0.3661655405405405 0.06694256756756756 0.08451013513513508
3 0.6810472972972973 0.37608108108108107 0.09652027027027024 0.09168918918918914
3 0.6502195945945946 0.5238851351351351 0.11040540540540543 0.1633952702702703
3 0.5079222972972973 0.4964189189189189 0.09775337837837839 0.09836148648648652
3 0.45048986486486486 0.6011148648648649 0.08425675675675674 0.07478040540540537
3 0.5480236486486486 0.5776858108108108 0.08508445945945947 0.09207770270270269
3 0.8070945945945946 0.24354729729729732 0.10065878378378383 0.12270270270270268
3 0.8845777027027026 0.2806925675675676 0.094864864864865 0.11597972972972967
3 0.9881756756756757 0.27533783783783783 0.02364864864864865 0.0777027027027027
3 0.9400337837837838 0.2491554054054054 0.11993243243243243 0.18412162162162163
3 0.9654391891891891 0.4926182432432432 0.054189189189189066 0.029966216216216233
3 0.8035135135135135 0.5285135135135135 0.13876689189189184 0.06798986486486487
3 0.8431925675675676 0.4807939189189189 0.07626689189189186 0.03670608108108111
3 0.7372128378378379 0.4098817567567567 0.07709459459459457 0.06032094594594601
3 0.7357263513513513 0.45420608108108107 0.08427364864864863 0.047685810810810844
3 0.7410135135135135 0.6019594594594595 0.06104729729729728 0.05619932432432429