3 0.013745704467353952 0.5945017182130584 0.027491408934707903 0.07216494845360824
3 0.554639175257732 0.17946735395189012 0.15396907216494848 0.21494845360824735
3 0.7563058419243986 0.16529209621993135 0.13202749140893477 0.18659793814432984
3 0.9381443298969072 0.12972508591065293 0.12371134020618557 0.11855670103092783
3 0.2619415807560137 0.6331443298969073 0.0797079037800687 0.08508591065292093
3 0.28577319587628863 0.5860996563573884 0.07448453608247427 0.05709621993127151
3 0.3429037800687285 0.5629381443298969 0.08269759450171821 0.07515463917525775
3 0.9690721649484536 0.5395189003436426 0.061855670103092786 0.08934707903780069
3 0.8576804123711339 0.6264948453608248 0.05984536082474214 0.05115120274914086
3 0.8145017182130584 0.4257388316151202 0.10496563573883166 0.09269759450171829
3 0.896975945017182 0.4263745704467354 0.08060137457044687 0.09054982817869424
3 0.46573883161512025 0.4014776632302406 0.08783505154639176 0.08881443298969062
3 0.540274914089347 0.40510309278350515 0.06809278350515463 0.08596219931271473
3 0.6154295532646048 0.4151890034364261 0.09817869415807558 0.09326460481099652
3 0.5840721649484536 0.5655326460481099 0.11230240549828181 0.1662027491408935
3 0.43932989690721647 0.5375945017182131 0.09943298969072166 0.10005154639175261
3 0.3809106529209622 0.6440893470790379 0.08570446735395189 0.0760652920962199
3 0.4801202749140894 0.6202577319587629 0.08654639175257733 0.09365979381443297
3 0.7436426116838488 0.28037800687285225 0.10238831615120281 0.12481099656357386
3 0.8224570446735394 0.31816151202749143 0.09649484536082469 0.11797250859106524
3 0.9579037800687286 0.3127147766323024 0.08419243986254296 0.07903780068728522
3 0.8894673539518899 0.2857560137457045 0.14116838487972522 0.18709621993127146
3 0.9047079037800687 0.5337285223367697 0.055120274914089225 0.030481099656357404
3 0.74 0.5702405498281787 0.14115120274914086 0.06915807560137457
3 0.7803608247422681 0.521701030927835 0.07757731958762883 0.0373367697594502
3 0.6725601374570447 0.44957044673539515 0.07841924398625427 0.061357388316151264
3 0.6710481099656358 0.49465635738831615 0.08572164948453606 0.04850515463917529
3 0.676426116838488 0.6449484536082475 0.06209621993127146 0.057164948453608214