3 0.19548387096774192 0.4665 0.07887096774193544 0.2515645161290323
2 0.07580645161290323 0.03306451612903226 0.15161290322580645 0.06612903225806452
3 0.0747258064516129 0.24461290322580645 0.1365483870967742 0.04409677419354835
2 0.027419354838709678 0.4685483870967742 0.054838709677419356 0.07580645161290323
2 0.03225806451612903 0.5443548387096774 0.06451612903225806 0.09193548387096774
3 0.10679032258064515 0.5080322580645161 0.07888709677419355 0.16527419354838713
2 0.20575806451612902 0.7150483870967742 0.11959677419354835 0.11558064516129027
2 0.09488709677419355 0.8351774193548386 0.11558064516129031 0.11388709677419338
2 0.02338709677419355 0.8370967741935483 0.0467741935483871 0.10967741935483871
3 0.7306451612903225 0.9524193548387097 0.1 0.09516129032258064
1 0.40030645161290324 0.5259838709677419 0.07275806451612905 0.0906935483870968
3 0.31240322580645163 0.5523870967741936 0.15143548387096772 0.0765645161290323
3 0.6914032258064516 0.22103225806451612 0.24812903225806457 0.10738709677419352