1 0.7125 0.3981645569620253 0.04729430379746833 0.062151898734177174
2 0.6201424050632911 0.548243670886076 0.06191455696202531 0.06561708860759498
2 0.7174525316455697 0.5660284810126582 0.07300632911392403 0.06166139240506333
2 0.6128322784810126 0.07112341772151899 0.04094936708860759 0.02990506329113925
2 0.8196993670886076 0.18481012658227847 0.06234177215189888 0.04289556962025314
2 0.7314873417721519 0.05609177215189874 0.07261075949367087 0.03781645569620254
2 0.8626107594936708 0.05174050632911393 0.043765822784810254 0.03386075949367089
2 0.1613291139240507 0.6322784810126583 0.06185126582278477 0.055680379746835526
2 0.06462025316455701 0.6712183544303797 0.07724683544303787 0.06634493670886069
2 0.36550632911392406 0.9525316455696202 0.12658227848101267 0.0949367088607595
2 0.5495411392405063 0.3307436708860759 0.07259493670886075 0.057832278481012675