3 0.1849673202614379 0.4807679738562092 0.07990196078431369 0.2548529411764706
2 0.07026143790849673 0.03758169934640523 0.14052287581699346 0.07516339869281045
3 0.06535947712418301 0.2549019607843137 0.13071895424836602 0.0457516339869281
2 0.021241830065359478 0.48284313725490197 0.042483660130718956 0.07679738562091504
2 0.026143790849673203 0.559640522875817 0.05228758169934641 0.09313725490196079
3 0.09511437908496731 0.522843137254902 0.07991830065359476 0.16743464052287585
2 0.19537581699346404 0.7325653594771242 0.1211601307189542 0.11709150326797381
2 0.08305555555555555 0.8542647058823528 0.11709150326797385 0.11537581699346389
2 0.01715686274509804 0.8562091503267973 0.03431372549019608 0.1111111111111111
3 0.7271241830065359 0.9624183006535948 0.10130718954248366 0.07516339869281045
1 0.3924673202614379 0.5410294117647059 0.07370915032679741 0.0918790849673203
3 0.30341503267973857 0.5677777777777778 0.15341503267973855 0.07756535947712423
3 0.6873692810457517 0.23209150326797384 0.25137254901960787 0.10879084967320259