2 0.9053225806451612 0.18256451612903235 0.1579193548387098 0.09454838709677411
2 0.8512903225806451 0.5885 0.08856451612903239 0.08106451612903225
2 0.7496774193548388 0.2986774193548387 0.1275645161290323 0.16879032258064514
2 0.7690322580645161 0.5310645161290323 0.10175806451612908 0.09514516129032259
2 0.6637903225806452 0.6660967741935484 0.09290322580645165 0.09119354838709672
2 0.6045322580645162 0.6616612903225807 0.09533870967741938 0.10811290322580641
2 0.5041451612903226 0.7366451612903226 0.09737096774193549 0.054951612903225706
2 0.49406451612903224 0.7793709677419356 0.10946774193548388 0.0501290322580644
2 0.4210806451612903 0.8529354838709676 0.05380645161290325 0.0683225806451615
2 0.22633870967741934 0.857983870967742 0.0803870967741936 0.07840322580645145
2 0.2011290322580645 0.7880322580645162 0.06677419354838705 0.07714516129032246
2 0.6097741935483871 0.32930645161290323 0.12803225806451612 0.15590322580645155
2 0.4998870967741936 0.2736451612903226 0.14011290322580647 0.13598387096774203
2 0.45514516129032256 0.3728387096774194 0.12317741935483871 0.08498387096774183
2 0.5361774193548388 0.45646774193548384 0.1223709677419355 0.06203225806451619
2 0.46099999999999997 0.4790645161290322 0.0788225806451613 0.14267741935483877
2 0.5513064516129033 0.5494032258064516 0.15624193548387097 0.10280645161290324
2 0.4029354838709677 0.5719677419354838 0.1304193548387097 0.08991935483870968
2 0.3104032258064516 0.6114838709677419 0.06756451612903223 0.10769354838709674
2 0.23841935483870966 0.5840645161290323 0.08895161290322577 0.08187096774193547
2 0.3835806451612903 0.7259677419354839 0.08848387096774196 0.10453225806451603
2 0.49587096774193545 0.6703387096774194 0.07761290322580645 0.11899999999999995
2 0.6627903225806452 0.45608064516129027 0.1308548387096774 0.0999354838709678
2 0.36564516129032254 0.6501774193548387 0.07195161290322583 0.0625645161290322