2 0.5603015075376885 0.49246231155778897 0.20100502512562815 0.11557788944723618
2 0.1685427135678392 0.617462311557789 0.16457286432160803 0.0992462311557789
2 0.20351758793969849 0.8693467336683417 0.2663316582914573 0.2613065326633166
2 0.7418341708542714 0.5891959798994975 0.07663316582914573 0.11809045226130653
2 0.7650753768844221 0.6846733668341709 0.09798994974874371 0.12311557788944724
2 0.5860552763819096 0.3555276381909548 0.07663316582914573 0.06281407035175879
2 0.24057788944723618 0.4780150753768844 0.08417085427135679 0.07160804020100503
2 0.12060301507537688 0.4239949748743719 0.05527638190954774 0.0992462311557789
2 0.11557788944723618 0.3630653266331658 0.18090452261306533 0.06281407035175879
2 0.19158291457286433 0.3222361809045226 0.07663316582914573 0.07160804020100503
2 0.3046482412060301 0.36683417085427134 0.031407035175879394 0.06030150753768844
2 0.3492462311557789 0.3812814070351759 0.05527638190954774 0.07914572864321608
2 0.2814070351758794 0.314070351758794 0.09547738693467336 0.09045226130653267
2 0.8932160804020101 0.9057788944723618 0.2135678391959799 0.1884422110552764
2 0.9886934673366834 0.7474874371859297 0.022613065326633167 0.15829145728643215
2 0.9195979899497487 0.6683417085427136 0.07537688442211055 0.09547738693467336
3 0.9434673366834171 0.5163316582914573 0.11306532663316583 0.12814070351758794
3 0.7167085427135679 0.31532663316582915 0.05150753768844221 0.06281407035175879
3 0.6896984924623115 0.37751256281407036 0.06281407035175879 0.0414572864321608
2 0.7807788944723618 0.4183417085427136 0.10427135678391959 0.09296482412060302
2 0.8812814070351759 0.3285175879396985 0.06909547738693467 0.07412060301507538
2 0.9597989949748744 0.3492462311557789 0.08040201005025126 0.10050251256281408
3 0.02763819095477387 0.2952261306532663 0.05527638190954774 0.04271356783919598
2 0.3128140703517588 0.21670854271356785 0.08793969849246232 0.04648241206030151