2 0.5618811881188119 0.49504950495049505 0.19801980198019803 0.11386138613861387
2 0.17594059405940593 0.3719059405940594 0.16212871287128713 0.09777227722772278
2 0.2103960396039604 0.12623762376237624 0.2623762376237624 0.2524752475247525
2 0.7407178217821783 0.3997524752475248 0.07549504950495049 0.11633663366336634
2 0.7636138613861386 0.3056930693069307 0.09653465346534654 0.12128712871287128
2 0.5872524752475248 0.629950495049505 0.07549504950495049 0.06188118811881188
2 0.2469059405940594 0.5092821782178217 0.08292079207920793 0.07054455445544554
2 0.12871287128712872 0.5625 0.054455445544554455 0.09777227722772278
2 0.12376237623762376 0.6225247524752475 0.1782178217821782 0.06188118811881188
2 0.19863861386138615 0.6627475247524752 0.07549504950495049 0.07054455445544554
2 0.3100247524752475 0.6188118811881188 0.03094059405940594 0.0594059405940594
2 0.35396039603960394 0.6045792079207921 0.054455445544554455 0.07797029702970297
2 0.2871287128712871 0.6707920792079208 0.09405940594059406 0.0891089108910891
2 0.8923267326732673 0.09034653465346534 0.21534653465346534 0.1806930693069307
2 0.9863861386138614 0.2438118811881188 0.027227722772277228 0.15594059405940594
2 0.9158415841584159 0.3217821782178218 0.07425742574257425 0.09405940594059406
3 0.9418316831683168 0.4715346534653465 0.11633663366336634 0.12623762376237624
3 0.7159653465346535 0.6695544554455446 0.050742574257425746 0.06188118811881188
3 0.6893564356435643 0.6082920792079208 0.06188118811881188 0.04084158415841584
2 0.7790841584158416 0.568069306930693 0.10272277227722772 0.09158415841584158
2 0.8780940594059405 0.656559405940594 0.06806930693069307 0.07301980198019802
2 0.9579207920792079 0.6361386138613861 0.08415841584158416 0.09900990099009901
3 0.03217821782178218 0.6893564356435643 0.06435643564356436 0.04207920792079208
2 0.3180693069306931 0.7667079207920792 0.08663366336633663 0.04579207920792079