2 0.5480769230769231 0.5024038461538461 0.19230769230769232 0.11057692307692307
2 0.17326923076923076 0.6219951923076923 0.15745192307692307 0.09495192307692307
2 0.20673076923076922 0.8629807692307693 0.2548076923076923 0.25
2 0.7217548076923077 0.5949519230769231 0.0733173076923077 0.11298076923076923
2 0.7439903846153846 0.6862980769230769 0.09375 0.11778846153846154
2 0.5727163461538461 0.3713942307692308 0.0733173076923077 0.06009615384615385
2 0.2421875 0.4885817307692308 0.08052884615384616 0.06850961538461539
2 0.12740384615384615 0.43689903846153844 0.052884615384615384 0.09495192307692307
2 0.12259615384615384 0.3786057692307692 0.17307692307692307 0.06009615384615385
2 0.1953125 0.3395432692307692 0.0733173076923077 0.06850961538461539
2 0.3034855769230769 0.38221153846153844 0.030048076923076924 0.057692307692307696
2 0.34615384615384615 0.39603365384615385 0.052884615384615384 0.07572115384615384
2 0.28125 0.3317307692307692 0.09134615384615384 0.08653846153846154
2 0.8822115384615384 0.8996394230769231 0.23557692307692307 0.18389423076923078
2 0.9735576923076923 0.7463942307692307 0.052884615384615384 0.15144230769230768
2 0.8918269230769231 0.6706730769230769 0.07211538461538461 0.09134615384615384
3 0.9182692307692307 0.5258413461538461 0.11538461538461539 0.12379807692307693
3 0.6977163461538461 0.3329326923076923 0.04927884615384615 0.06009615384615385
3 0.671875 0.39242788461538464 0.06009615384615385 0.039663461538461536
2 0.7590144230769231 0.43149038461538464 0.09975961538461539 0.0889423076923077
2 0.8551682692307693 0.34555288461538464 0.06610576923076923 0.07091346153846154
2 0.9453125 0.3659855769230769 0.10697115384615384 0.09735576923076923
3 0.033052884615384616 0.31430288461538464 0.06610576923076923 0.042067307692307696
2 0.3112980769230769 0.23858173076923078 0.08413461538461539 0.04447115384615385