2 0.6298076923076923 0.4014423076923077 0.07211538461538461 0.14423076923076922
2 0.5348557692307693 0.5036057692307693 0.17548076923076922 0.07932692307692307
2 0.359375 0.5853365384615384 0.13701923076923078 0.20432692307692307
2 0.16947115384615385 0.59375 0.13701923076923078 0.1971153846153846
2 0.6838942307692307 0.640625 0.36778846153846156 0.2091346153846154
2 0.3762019230769231 0.6899038461538461 0.16105769230769232 0.15384615384615385
2 0.20192307692307693 0.8088942307692307 0.21634615384615385 0.25240384615384615
2 0.25600961538461536 0.8677884615384616 0.12740384615384615 0.20673076923076922
2 0.8870192307692307 0.8930288461538461 0.20673076923076922 0.2091346153846154
2 0.4926923076923077 0.40805288461538464 0.14521634615384615 0.10620192307692308
2 0.28076923076923077 0.4032451923076923 0.1764423076923077 0.17348557692307692