2 0.33762886597938147 0.6185567010309279 0.07731958762886598 0.15463917525773196
2 0.43943298969072164 0.509020618556701 0.18814432989690721 0.08505154639175258
2 0.6275773195876289 0.4213917525773196 0.14690721649484537 0.2190721649484536
2 0.8311855670103093 0.41237113402061853 0.14690721649484537 0.211340206185567
2 0.27963917525773196 0.36211340206185566 0.3943298969072165 0.22422680412371135
2 0.6095360824742269 0.30927835051546393 0.17268041237113402 0.16494845360824742
2 0.7963917525773195 0.18170103092783504 0.23195876288659795 0.2706185567010309
2 0.7384020618556701 0.11855670103092783 0.13659793814432988 0.22164948453608246
2 0.08634020618556701 0.1018041237113402 0.17268041237113402 0.2036082474226804
2 0.4846391752577319 0.6114690721649485 0.15569587628865986 0.11386597938144347
2 0.7118556701030928 0.6166237113402062 0.1891752577319587 0.18600515463917544