2 0.36893203883495146 0.4029126213592233 0.07281553398058252 0.14563106796116504
2 0.46480582524271846 0.5060679611650486 0.17718446601941748 0.08009708737864078
2 0.6419902912621359 0.5885922330097088 0.1383495145631068 0.20631067961165048
2 0.8337378640776699 0.5970873786407767 0.1383495145631068 0.19902912621359223
2 0.3143203883495146 0.6444174757281553 0.3713592233009709 0.2111650485436893
2 0.625 0.6941747572815534 0.16262135922330098 0.1553398058252427
2 0.8009708737864077 0.8143203883495146 0.21844660194174756 0.25485436893203883
2 0.7463592233009708 0.8737864077669902 0.12864077669902912 0.2087378640776699
2 0.10922330097087378 0.8968446601941747 0.2087378640776699 0.20631067961165048
2 0.507378640776699 0.4095873786407767 0.14662621359223307 0.10723300970873788
2 0.7213592233009708 0.4047330097087379 0.17815533980582518 0.1751699029126214