2 0.7005637254901962 0.7426470588235294 0.056372549019607844 0.058823529411764705
2 0.12254901960784313 0.6924019607843137 0.09803921568627451 0.0661764705882353
2 0.5514705882352942 0.6862745098039216 0.08333333333333333 0.049019607843137254
2 0.5955882352941176 0.45588235294117646 0.09803921568627451 0.09313725490196079
2 0.5024509803921569 0.44362745098039214 0.06372549019607843 0.10784313725490197
2 0.4117647058823529 0.3909313725490196 0.08333333333333333 0.041666666666666664
2 0.44362745098039214 0.21200980392156862 0.04411764705882353 0.10049019607843138
2 0.2509313725490196 0.5986029411764706 0.050073529411764586 0.09754901960784317
2 0.4988725490196078 0.583529411764706 0.047573529411764764 0.07803921568627445
2 0.355906862745098 0.8440686274509804 0.04924019607843145 0.06676470588235296
2 0.4175980392156863 0.7099264705882352 0.04024509803921573 0.059754901960784305