2 0.7104947916666667 0.2734375 0.059895833333333336 0.0625
2 0.09635416666666667 0.3268229166666667 0.10416666666666667 0.0703125
2 0.5520833333333334 0.3333333333333333 0.08854166666666667 0.052083333333333336
2 0.5989583333333334 0.578125 0.10416666666666667 0.09895833333333333
2 0.5 0.5911458333333334 0.06770833333333333 0.11458333333333333
2 0.4036458333333333 0.6471354166666666 0.08854166666666667 0.044270833333333336
2 0.4375 0.8372395833333334 0.046875 0.10677083333333333
2 0.23276041666666666 0.426484375 0.05320312499999987 0.10364583333333337
2 0.4961979166666666 0.44249999999999995 0.05054687500000007 0.0829166666666666
2 0.34429687499999995 0.16567708333333334 0.052317708333333414 0.07093750000000003
2 0.40984375 0.30820312499999997 0.04276041666666671 0.06348958333333332