2 0.3081009615384615 0.2620192307692308 0.055288461538461536 0.057692307692307696
2 0.875 0.3112980769230769 0.09615384615384616 0.06490384615384616
2 0.4543269230769231 0.3173076923076923 0.08173076923076923 0.04807692307692308
2 0.4110576923076923 0.5432692307692307 0.09615384615384616 0.09134615384615384
2 0.5024038461538461 0.5552884615384616 0.0625 0.10576923076923077
2 0.5913461538461539 0.6069711538461539 0.08173076923076923 0.040865384615384616
2 0.5600961538461539 0.7824519230769231 0.04326923076923077 0.0985576923076923
2 0.7490865384615385 0.40329326923076925 0.04911057692307692 0.09567307692307692
2 0.5059134615384615 0.41807692307692307 0.04665865384615385 0.07653846153846154
2 0.6461298076923078 0.16254807692307693 0.04829326923076923 0.06548076923076923
2 0.5856250000000001 0.2941105769230769 0.03947115384615385 0.058605769230769225