3 0.3424479166666667 0.17903645833333334 0.059895833333333336 0.07421875
3 0.4134114583333333 0.3645833333333333 0.05859375 0.041666666666666664
3 0.4876302083333333 0.087890625 0.05078125 0.05859375
2 0.15364583333333334 0.4791666666666667 0.0625 0.041666666666666664
2 0.08528645833333333 0.3717447916666667 0.10026041666666667 0.053385416666666664
2 0.22395833333333334 0.2701822916666667 0.041666666666666664 0.06901041666666667
2 0.2571614583333333 0.15104166666666666 0.048177083333333336 0.041666666666666664
2 0.3059895833333333 0.1484375 0.0234375 0.041666666666666664
2 0.22200520833333334 0.4518229166666667 0.029947916666666668 0.0234375
2 0.013020833333333334 0.3190104166666667 0.026041666666666668 0.0546875
2 0.12434895833333333 0.23567708333333334 0.02734375 0.044270833333333336
2 0.4010416666666667 0.3255208333333333 0.041666666666666664 0.036458333333333336