3 0.6497524752475248 0.7778465346534653 0.05693069306930693 0.07054455445544554
3 0.5823019801980198 0.6014851485148515 0.055693069306930694 0.039603960396039604
3 0.5117574257425742 0.864480198019802 0.04826732673267327 0.055693069306930694
2 0.8292079207920792 0.49257425742574257 0.0594059405940594 0.039603960396039604
2 0.8941831683168316 0.5946782178217822 0.0952970297029703 0.050742574257425746
2 0.7623762376237624 0.6912128712871287 0.039603960396039604 0.0655940594059406
2 0.7308168316831684 0.8044554455445545 0.04579207920792079 0.039603960396039604
2 0.6844059405940595 0.806930693069307 0.022277227722772276 0.039603960396039604
2 0.7642326732673267 0.5185643564356436 0.028465346534653466 0.022277227722772276
2 0.963490099009901 0.6448019801980198 0.02599009900990099 0.05198019801980198
2 0.9826732673267327 0.6868811881188119 0.019801980198019802 0.03712871287128713
2 0.8570544554455446 0.724009900990099 0.02599009900990099 0.04207920792079208
3 0.556930693069307 0.9863861386138614 0.054455445544554455 0.027227722772277228
2 0.594059405940594 0.6386138613861386 0.039603960396039604 0.034653465346534656