2 0.2354368932038835 0.24291262135922326 0.14723300970873784 0.4251456310679611
0 0.3094660194174757 0.46237864077669905 0.06553398058252427 0.16747572815533981
2 0.38876213592233005 0.6684951456310678 0.16910194174757284 0.10961165048543682
2 0.5206310679611651 0.6802184466019418 0.08495145631067962 0.04247572815533981
2 0.6098300970873787 0.682233009708738 0.08373786407766991 0.07563106796116498
0 0.6237864077669902 0.5503640776699029 0.15048543689320387 0.08859223300970874
2 0.4981796116504854 0.4587378640776699 0.09344660194174757 0.13106796116504854
2 0.5533980582524272 0.3428398058252427 0.21844660194174756 0.11529126213592233
0 0.616504854368932 0.24150485436893204 0.10194174757281553 0.15776699029126215
2 0.5999029126213592 0.45024271844660196 0.12216019417475724 0.1529126213592233
1 0.9757281553398058 0.0970873786407767 0.04854368932038835 0.1553398058252427
2 0.9186893203883495 0.7026699029126213 0.16262135922330098 0.20145631067961164
2 0.7487864077669902 0.5610922330097087 0.16262135922330098 0.1707038834951456
2 0.8009708737864077 0.3768203883495146 0.0970873786407767 0.07645631067961164
2 0.9514563106796117 0.870752427184466 0.06796116504854369 0.0983009708737864
2 0.5515776699029126 0.9617718446601942 0.13228155339805825 0.05703883495145631
2 0.5078883495145631 0.8950242718446602 0.12742718446601942 0.04975728155339806
2 0.36893203883495146 0.8865291262135923 0.11165048543689321 0.06674757281553398
2 0.07725728155339806 0.9439805825242719 0.09626213592233009 0.07483009708737874
2 0.18021844660194175 0.9641990291262136 0.07402912621359223 0.05703883495145631
2 0.1183252427184466 0.6227669902912623 0.11529126213592233 0.10558252427184465
2 0.1057766990291262 0.6899271844660194 0.12902912621359222 0.09101941747572816
2 0.22106796116504854 0.7985436893203883 0.0877912621359223 0.1650485436893204
2 0.2809466019417476 0.5940533980582524 0.14441747572815533 0.0691747572815534
2 0.4975728155339806 0.8052184466019418 0.05825242718446602 0.06432038834951456
2 0.5679611650485437 0.8149271844660194 0.04854368932038835 0.05946601941747573
1 0.6195388349514563 0.9265776699029126 0.03033980582524272 0.044902912621359224