2 0.24078947368421053 0.7947368421052632 0.16052631578947368 0.4105263157894737
0 0.3223684210526316 0.5828947368421052 0.07105263157894737 0.18157894736842106
2 0.40834210526315784 0.359421052631579 0.18334210526315795 0.11884210526315796
2 0.5513157894736842 0.34671052631578947 0.09210526315789473 0.046052631578947366
2 0.6480263157894737 0.3445263157894736 0.09078947368421053 0.08200000000000006
0 0.6631578947368421 0.4875 0.1631578947368421 0.09605263157894736
2 0.5269736842105263 0.5868421052631579 0.1013157894736842 0.14210526315789473
2 0.5868421052631579 0.7125 0.23684210526315788 0.125
0 0.6552631578947369 0.8223684210526315 0.11052631578947368 0.17105263157894737
2 0.6372631578947369 0.5960526315789474 0.1324473684210526 0.16578947368421051
2 0.9473684210526315 0.3223684210526316 0.10526315789473684 0.21842105263157896
2 0.7986842105263158 0.4758684210526316 0.1763157894736842 0.185078947368421
2 0.8552631578947368 0.6756578947368421 0.10526315789473684 0.08289473684210526
2 0.9907894736842106 0.1394736842105263 0.018421052631578946 0.10526315789473684
2 0.5848684210526316 0.04144736842105263 0.14342105263157895 0.06184210526315789
2 0.5375 0.11381578947368422 0.13815789473684212 0.05394736842105263
2 0.3868421052631579 0.12302631578947368 0.12105263157894737 0.07236842105263158
2 0.07060526315789473 0.06073684210526315 0.10436842105263157 0.08113157894736842
2 0.18223684210526317 0.03881578947368421 0.08026315789473684 0.06184210526315789
2 0.11513157894736842 0.409 0.125 0.11447368421052631
2 0.10152631578947367 0.3361842105263158 0.13989473684210527 0.09868421052631579
2 0.2265263157894737 0.21842105263157896 0.09518421052631576 0.17894736842105263
2 0.2914473684210526 0.44013157894736843 0.15657894736842104 0.075
2 0.5263157894736842 0.21118421052631578 0.06315789473684211 0.06973684210526315
2 0.6026315789473684 0.20065789473684212 0.05263157894736842 0.06447368421052632
1 0.6585526315789474 0.07960526315789473 0.03289473684210526 0.04868421052631579