2 0.23798076923076922 0.7546153846153847 0.1458173076923077 0.4210576923076923
0 0.3112980769230769 0.5372596153846154 0.06490384615384616 0.1658653846153846
2 0.3898317307692307 0.333125 0.16747596153846153 0.1085576923076923
2 0.5204326923076923 0.3215144230769231 0.08413461538461539 0.042067307692307696
2 0.6087740384615384 0.3195192307692307 0.0829326923076923 0.07490384615384615
0 0.6225961538461539 0.4501201923076923 0.14903846153846154 0.08774038461538461
2 0.49819711538461536 0.5408653846153846 0.09254807692307693 0.12980769230769232
2 0.5528846153846154 0.6556490384615384 0.21634615384615385 0.1141826923076923
0 0.6153846153846154 0.7560096153846154 0.10096153846153846 0.15625
2 0.5989423076923077 0.5492788461538461 0.12098557692307692 0.15144230769230768
1 0.9729567307692307 0.8990384615384616 0.051682692307692304 0.15384615384615385
2 0.9154567307692307 0.2996875 0.16105769230769232 0.2003125
2 0.7463942307692307 0.43949519230769235 0.16105769230769232 0.1690625
2 0.7980769230769231 0.6219951923076923 0.09615384615384616 0.07572115384615384
2 0.9471153846153846 0.1328125 0.0673076923076923 0.09735576923076923
2 0.5510817307692307 0.04266826923076923 0.1310096153846154 0.056490384615384616
2 0.5078125 0.10877403846153846 0.12620192307692307 0.04927884615384615
2 0.3701923076923077 0.1171875 0.11057692307692307 0.06610576923076923
2 0.08132211538461538 0.060288461538461534 0.09533653846153846 0.07411057692307692
2 0.18329326923076922 0.04026442307692308 0.0733173076923077 0.056490384615384616
2 0.1219951923076923 0.3784134615384615 0.1141826923076923 0.1045673076923077
2 0.10956730769230769 0.31189903846153844 0.12778846153846152 0.09014423076923077
2 0.22375 0.20432692307692307 0.08694711538461539 0.16346153846153846
2 0.28305288461538464 0.40685096153846156 0.14302884615384615 0.06850961538461539
2 0.49759615384615385 0.19771634615384615 0.057692307692307696 0.06370192307692307
2 0.5673076923076923 0.18810096153846154 0.04807692307692308 0.05889423076923077
1 0.6183894230769231 0.07752403846153846 0.030048076923076924 0.04447115384615385