2 0.8320707070707071 0.2815656565656566 0.07828282828282829 0.14393939393939395
2 0.6414141414141414 0.24621212121212122 0.23737373737373738 0.11363636363636363
2 0.42803030303030304 0.2335858585858586 0.10858585858585859 0.11363636363636363
2 0.8952020202020202 0.10858585858585859 0.20959595959595959 0.21717171717171718
2 0.73989898989899 0.09848484848484848 0.30808080808080807 0.19696969696969696
2 0.446010101010101 0.1299242424242424 0.19507575757575757 0.18070707070707084
2 0.9090909090909091 0.3712121212121212 0.18181818181818182 0.08080808080808081
2 0.9330808080808081 0.19823232323232323 0.13383838383838384 0.07828282828282829
2 0.11040404040404048 0.3529545454545454 0.17618686868686864 0.07017676767676759
2 0.41025252525252526 0.4087121212121212 0.1542171717171717 0.05717171717171714
2 0.23434343434343438 0.46025252525252525 0.18618686868686873 0.09295454545454546