2 0.8102094240837696 0.7447643979057592 0.08115183246073299 0.14921465968586387
2 0.612565445026178 0.7814136125654451 0.24607329842931938 0.11780104712041885
2 0.3913612565445026 0.7945026178010471 0.112565445026178 0.11780104712041885
2 0.8835078534031413 0.9057591623036649 0.23298429319371727 0.18848167539267016
2 0.7146596858638743 0.9162303664921466 0.3193717277486911 0.16753926701570682
2 0.41000000000000003 0.9019633507853403 0.20222513089005237 0.18732984293193733
2 0.8977748691099476 0.6532984293193718 0.20445026178010478 0.0832460732984292
2 0.9227748691099477 0.831151832460733 0.1544502617801047 0.08115183246073299
2 0.07722513089005235 0.6701570680628273 0.1544502617801047 0.07329842931937172
2 0.3729319371727749 0.612958115183246 0.15986910994764397 0.059267015706806245
2 0.19057591623036652 0.5595287958115184 0.19301047120418852 0.09636125654450263