3 0.2407718120805369 0.06459731543624161 0.13590604026845637 0.12919463087248323
3 0.4935906040268456 0.6778355704697987 0.1482718120805369 0.12505033557046974
3 0.7058221476510066 0.4159563758389262 0.1868120805369128 0.15802013422818784
3 0.4204026845637584 0.3457214765100671 0.1403020134228188 0.25233221476510065
3 0.6548657718120806 0.5715268456375839 0.19815436241610743 0.12372483221476512
3 0.4235402684563758 0.5675503355704697 0.25145973154362417 0.1694295302013423
3 0.26731543624161075 0.5327348993288591 0.09755033557046977 0.13000000000000003
3 0.21656040268456375 0.46270134228187915 0.10176174496644291 0.07711409395973161
3 0.7972651006711409 0.7562416107382551 0.15157718120805355 0.11083892617449655
3 0.43340604026845636 0.8550000000000001 0.14114093959731544 0.0936912751677851
3 0.1796476510067114 0.9212583892617449 0.1789429530201342 0.11218120805369149
3 0.050335570469798654 0.8875838926174496 0.10067114093959731 0.12416107382550336
3 0.03523489932885906 0.75251677852349 0.07046979865771812 0.1325503355704698
3 0.12164429530201343 0.7080536912751678 0.24328859060402686 0.12080536912751678
3 0.17167785234899327 0.8204026845637584 0.12105704697986573 0.10835570469798646
3 0.2933221476510067 0.8195637583892618 0.12223154362416111 0.09325503355704685
3 0.32855704697986576 0.7501677852348994 0.18598993288590607 0.0852516778523489
3 0.6771140939597315 0.6939765100671141 0.13488255033557045 0.09696308724832209
3 0.5466610738255033 0.36941275167785237 0.13570469798657717 0.15884228187919455
3 0.5034563758389262 0.448238255033557 0.12981543624161074 0.06830536912751684
3 0.13625838926174502 0.5914429530201343 0.21406040268456372 0.0964765100671141
3 0.3520469798657718 0.9134899328859062 0.08869127516778526 0.056409395973154176
3 0.6015100671140939 0.9848993288590604 0.06543624161073826 0.030201342281879196
3 0.5305201342281879 0.7870637583892618 0.14701342281879196 0.07855704697986567