3 0.2753968253968254 0.05476190476190476 0.12857142857142856 0.10952380952380952
3 0.5145714285714286 0.6285555555555555 0.14026984126984127 0.11830158730158725
3 0.7153492063492063 0.3808095238095239 0.1767301587301588 0.14949206349206343
3 0.44533333333333336 0.3143650793650794 0.13273015873015873 0.23871428571428568
3 0.6671428571428571 0.527984126984127 0.1874603174603175 0.11704761904761907
3 0.4483015873015873 0.5242222222222223 0.2378888888888889 0.1602857142857143
3 0.3005079365079365 0.49128571428571427 0.09228571428571426 0.12298412698412702
3 0.2524920634920635 0.425031746031746 0.09626984126984123 0.072952380952381
3 0.8018571428571428 0.7027301587301588 0.14339682539682527 0.10485714285714277
3 0.4576349206349206 0.7961587301587302 0.13352380952380954 0.08863492063492051
3 0.21757142857142855 0.8588412698412697 0.16928571428571426 0.10612698412698433
3 0.07142857142857142 0.8269841269841269 0.14285714285714285 0.11746031746031746
3 0.05714285714285714 0.6992063492063492 0.11428571428571428 0.1253968253968254
3 0.1388888888888889 0.6571428571428571 0.2777777777777778 0.11428571428571428
3 0.210031746031746 0.7634285714285715 0.11452380952380949 0.1025079365079364
3 0.3251111111111111 0.7626349206349207 0.11563492063492067 0.0882222222222221
3 0.35844444444444445 0.696984126984127 0.175952380952381 0.08065079365079357
3 0.6881904761904762 0.6438253968253969 0.12760317460317458 0.09173015873015868
3 0.5647777777777778 0.3367777777777778 0.12838095238095237 0.1502698412698412
3 0.5239047619047619 0.4113492063492063 0.12280952380952381 0.06461904761904767
3 0.17652380952380958 0.5468253968253968 0.20250793650793647 0.09126984126984126
3 0.38066666666666665 0.8514920634920636 0.08390476190476193 0.05336507936507919
3 0.6157619047619047 0.9377777777777777 0.0621111111111111 0.06730158730158745
3 0.5495079365079365 0.7318888888888889 0.13907936507936508 0.07431746031746021