2 0.723404255319149 0.26728723404255317 0.23404255319148937 0.1356382978723404
2 0.5132978723404256 0.19680851063829788 0.2127659574468085 0.10106382978723404
2 0.9720744680851063 0.12898936170212766 0.05585106382978723 0.2047872340425532
2 0.5425531914893617 0.09441489361702128 0.13829787234042554 0.18882978723404256
2 0.9601063829787234 0.0398936170212766 0.0797872340425532 0.0797872340425532
2 0.15351063829787243 0.17920212765957447 0.19561170212765946 0.23821808510638282
2 0.1991755319148936 0.10497340425531922 0.13093085106382985 0.1251861702127661
2 0.4639893617021277 0.28710106382978723 0.23513297872340433 0.12438829787234038
2 0.3272606382978724 0.15194148936170213 0.11638297872340424 0.22624999999999984
2 0.8595744680851064 0.4570212765957447 0.06898936170212751 0.11696808510638303
2 0.5457712765957446 0.3772606382978724 0.06582446808510638 0.0814627659574468
2 0.4657712765957447 0.4461702127659574 0.06981382978723404 0.09877659574468081