2 0.31490384615384615 0.7175480769230769 0.21153846153846154 0.12259615384615384
2 0.5048076923076923 0.78125 0.19230769230769232 0.09134615384615384
2 0.07091346153846154 0.8425480769230769 0.0889423076923077 0.18509615384615385
2 0.47836538461538464 0.8930288461538461 0.125 0.2091346153846154
2 0.06850961538461539 0.9423076923076923 0.13701923076923078 0.11057692307692307
2 0.83 0.7971634615384615 0.1768028846153846 0.2153125
2 0.7887259615384615 0.8642548076923077 0.11834134615384614 0.11314903846153847
2 0.549375 0.6996394230769231 0.21252403846153844 0.11242788461538462
2 0.6729567307692308 0.8218028846153846 0.10519230769230768 0.20449519230769228
2 0.19182692307692306 0.5460576923076923 0.062355769230769235 0.10572115384615384
2 0.47545673076923073 0.6181490384615385 0.059495192307692304 0.07362980769230769
2 0.5477644230769231 0.5558653846153846 0.06310096153846154 0.08927884615384615