2 0.3439153439153439 0.2923280423280423 0.2328042328042328 0.1349206349206349
2 0.5529100529100529 0.2222222222222222 0.21164021164021163 0.10052910052910052
2 0.07539682539682539 0.15476190476190477 0.09788359788359788 0.2037037037037037
2 0.5238095238095238 0.10714285714285714 0.13756613756613756 0.21428571428571427
2 0.07407407407407407 0.05291005291005291 0.14814814814814814 0.10582010582010581
2 0.906084656084656 0.20634920634920634 0.18783068783068782 0.23809523809523808
2 0.8653703703703705 0.13087301587301595 0.1302380952380953 0.12452380952380966
2 0.6019576719576719 0.312037037037037 0.23388888888888895 0.12373015873015868
2 0.7379629629629629 0.17759259259259258 0.11576719576719574 0.2250529100529099
2 0.20846560846560847 0.4810582010582011 0.06862433862433862 0.1163492063492064
2 0.5206084656084656 0.40171957671957675 0.06547619047619048 0.08103174603174602
2 0.6001851851851852 0.4702645502645502 0.06944444444444445 0.09825396825396822