2 0.45072115384615385 0.7842548076923077 0.15144230769230768 0.21754807692307693
2 0.30649038461538464 0.8070913461538461 0.14182692307692307 0.1814903846153846
2 0.13942307692307693 0.8509615384615384 0.1971153846153846 0.11057692307692307
2 0.43930288461538464 0.5066105769230769 0.08533653846153846 0.056490384615384616
2 0.28084134615384615 0.5230288461538461 0.09536057692307692 0.057283653846153845
3 0.34194711538461536 0.6099759615384616 0.19831730769230768 0.09495192307692307
1 0.6658653846153846 0.5210336538461539 0.11538461538461539 0.046875
2 0.5478846153846153 0.5022115384615384 0.14543269230769232 0.07971153846153846
2 0.08052884615384616 0.7151442307692307 0.15625 0.05048076923076923
1 0.5901442307692307 0.6826923076923077 0.0985576923076923 0.057692307692307696
1 0.5805288461538461 0.6436298076923077 0.0889423076923077 0.03245192307692308
2 0.47115384615384615 0.46334134615384615 0.057692307692307696 0.027644230769230768
3 0.8449519230769231 0.9116586538461539 0.06490384615384616 0.06370192307692307
3 0.4957932692307692 0.5623076923076923 0.0829326923076923 0.036466346153846155