2 0.3703071672354949 0.9641638225255973 0.13993174061433447 0.07167235494880546
2 0.06569965870307168 0.5622866894197952 0.13139931740614336 0.1689419795221843
2 0.45872013651877136 0.6490273037542662 0.26469283276450517 0.21104095563139924
2 0.5861774744027304 0.8993174061433447 0.2098976109215017 0.20136518771331058
2 0.1381399317406143 0.7494880546075086 0.1312286689419795 0.1772866894197952
2 0.1407849829351536 0.9411262798634812 0.10409556313993173 0.11774744027303755
2 0.9351535836177475 0.7636518771331058 0.1296928327645051 0.10409556313993173
2 0.886518771331058 0.9496587030716723 0.22696245733788395 0.10068259385665529
2 0.7064846416382252 0.9027303754266212 0.16723549488054607 0.1945392491467577
2 0.5448976109215017 0.48228668941979524 0.21820819112627987 0.12498293515358364
2 0.23348122866894197 0.5567064846416383 0.13846416382252558 0.15010238907849835
2 0.07593856655290103 0.3967576791808874 0.15187713310580206 0.1416382252559727
2 0.17375426621160409 0.3016552901023891 0.08728668941979519 0.1519453924914676
2 0.2575767918088737 0.19354948805460748 0.1653412969283276 0.11916382252559725
2 0.02218430034129693 0.12798634812286688 0.04436860068259386 0.11262798634812286
2 0.13174061433447096 0.14491467576791808 0.09283276450511942 0.14138225255972695
2 0.4015529010238908 0.21744027303754265 0.1503754266211604 0.08162116040955629
2 0.648122866894198 0.3707508532423208 0.19982935153583622 0.13655290102389075
2 0.8496928327645051 0.5066040955631399 0.12087030716723557 0.11387372013651881
2 0.773754266211604 0.4417576791808874 0.08846416382252566 0.13779863481228669
2 0.9607508532423208 0.515358361774744 0.07849829351535836 0.11945392491467577
2 0.9411262798634812 0.4377133105802048 0.11774744027303755 0.08020477815699659
2 0.5073549488054607 0.1807508532423208 0.2083788395904437 0.11064846416382249
2 0.17674061433447097 0.0841467576791809 0.17003412969283274 0.09235494880546076
2 0.9197952218430034 0.03924914675767918 0.13651877133105803 0.07849829351535836
2 0.8347440273037542 0.12274744027303755 0.20192832764505106 0.07996587030716726
3 0.7905972696245733 0.20994880546075084 0.4165017064846415 0.23303754266211604
2 0.4616040955631399 0.041808873720136516 0.11433447098976109 0.08361774744027303
2 0.1697952218430034 0.032423208191126277 0.3395904436860068 0.06484641638225255
2 0.5955631399317406 0.014505119453924915 0.14334470989761092 0.02901023890784983
2 0.6073890784982935 0.05344709897610921 0.14186006825938566 0.08215017064846417
3 0.7201365187713311 0.03754266211604096 0.12627986348122866 0.07508532423208192
2 0.69080204778157 0.6511774744027303 0.27795221843003415 0.13853242320819104
2 0.4358873720136519 0.4999829351535836 0.21479522184300343 0.09639931740614335
2 0.9419795221843004 0.8737201365187713 0.11604095563139932 0.10238907849829351
2 0.36945392491467577 0.03839590443686007 0.07679180887372014 0.07679180887372014