2 0.839824120603015 0.12060301507537688 0.12437185929648241 0.1708542713567839
2 0.9560301507537688 0.157035175879397 0.08793969849246232 0.14824120603015076
2 0.6300251256281407 0.18341708542713567 0.056532663316582916 0.10050251256281408
2 0.707286432160804 0.3706030150753769 0.05778894472361809 0.10301507537688442
3 0.7814070351758794 0.26884422110552764 0.05527638190954774 0.09045226130653267
2 0.2449748743718593 0.3863065326633166 0.08793969849246232 0.14698492462311558
2 0.3785678391959799 0.43510050251256277 0.11055276381909548 0.0728643216080402
2 0.28391959798994976 0.47738693467336685 0.10050251256281408 0.07035175879396985
2 0.10678391959798995 0.4020100502512563 0.06281407035175879 0.08542713567839195
2 0.7261306532663316 0.06407035175879397 0.08542713567839195 0.12814070351758794
2 0.035175879396984924 0.4434673366834171 0.07035175879396985 0.1884422110552764