2 0.37992610837438423 0.6570197044334976 0.1539408866995074 0.19088669950738915
2 0.4051724137931034 0.7259852216748769 0.05665024630541872 0.06773399014778325
2 0.48440886699507385 0.879088669950739 0.09852216748768473 0.21305418719211822
2 0.5492610837438424 0.9174876847290641 0.09359605911330049 0.16502463054187191
2 0.6176108374384236 0.8076847290640394 0.06445812807881764 0.09647783251231518
2 0.5892857142857143 0.666256157635468 0.09975369458128079 0.12561576354679804
2 0.40332512315270935 0.5369458128078818 0.1022167487684729 0.11330049261083744
2 0.2438423645320197 0.5763546798029556 0.03940886699507389 0.08374384236453201
2 0.07881773399014778 0.7931034482758621 0.07389162561576355 0.09852216748768473
3 0.512512315270936 0.6194581280788177 0.04310344827586207 0.07142857142857142
2 0.6761083743842364 0.8977832512315271 0.27832512315270935 0.2044334975369458