2 0.4398877731958763 0.7106774664948454 0.49462577835051547 0.7165684845360825 0.517164956185567 0.6670839484536083 0.4720866005154639 0.6529455077319588 0.4398877731958763 0.7106774664948454
2 0.7036082474226805 0.5547680412371134 0.17525773195876287 0.055412371134020616
2 0.8573969072164949 0.6570103092783504 0.06701030927835051 0.07603092783505154
2 0.7697680412371134 0.7562371134020619 0.07731958762886598 0.09404639175257734
2 0.6649484536082474 0.803479381443299 0.05670103092783505 0.08891752577319588
2 0.541881443298969 0.8045618556701032 0.07087628865979381 0.07644329896907208
2 0.4652061855670103 0.7815721649484536 0.059278350515463915 0.07603092783505154
2 0.531778350515464 0.7547164948453607 0.11682989690721646 0.040386597938144225
2 0.8202319587628866 0.8015463917525774 0.055412371134020616 0.030927835051546393
2 0.10824742268041238 0.13595360824742267 0.06701030927835051 0.04768041237113402
3 0.8427835051546392 0.24871134020618557 0.05670103092783505 0.04896907216494845