3 0.40009836065573773 0.43975409836065577 0.07972131147540983 0.06559016393442621
2 0.5500983606557377 0.4200983606557377 0.11739344262295084 0.05904918032786882
2 0.3386393442622951 0.5215245901639344 0.08791803278688524 0.11104918032786887
2 0.440672131147541 0.5350327868852459 0.13626229508196722 0.05942622950819672
2 0.5142295081967213 0.49445901639344264 0.10716393442622951 0.06432786885245903
2 0.41895081967213116 0.39509836065573767 0.11740983606557377 0.0664262295081967
2 0.3267540983606557 0.4301311475409836 0.055967213114754076 0.10778688524590165
3 0.30563934426229505 0.4645409836065574 0.10801639344262293 0.07827868852459016
2 0.45788524590163937 0.4522622950819672 0.06904918032786886 0.07336065573770492
2 0.601327868852459 0.47888524590163933 0.06701639344262295 0.06596721311475412
2 0.5964098360655737 0.42275409836065575 0.060459016393442616 0.06027868852459013