2 0.08495145631067962 0.18507281553398058 0.038834951456310676 0.09344660194174757
2 0.05036407766990291 0.3404126213592233 0.05946601941747573 0.03519417475728155
2 0.2408980582524272 0.3749757281553398 0.16868932038834952 0.3276941747572815
2 0.032766990291262135 0.39441747572815533 0.06553398058252427 0.055825242718446605
2 0.11104368932038836 0.39563106796116504 0.044902912621359224 0.06796116504854369
3 0.9010922330097088 0.39927184466019416 0.05218446601941747 0.11407766990291263
2 0.046723300970873786 0.45995145631067963 0.06674757281553398 0.06553398058252427
2 0.4381067961165049 0.4696601941747573 0.08009708737864078 0.1383495145631068
2 0.30339805825242716 0.504247572815534 0.09223300970873786 0.27063106796116504
2 0.5594660194174758 0.8155339805825242 0.2354368932038835 0.30097087378640774
2 0.8762135922330098 0.9217233009708737 0.1262135922330097 0.14441747572815533
2 0.5819174757281553 0.5351941747572816 0.12742718446601942 0.11893203883495146
2 0.04733009708737864 0.524878640776699 0.07524271844660194 0.08859223300970874