2 0.6802184466019418 0.5825242718446602 0.16140776699029127 0.06796116504854369
2 0.4253640776699029 0.5784708737864078 0.15978155339805822 0.08089805825242714
2 0.3786407766990291 0.5012135922330098 0.043689320388349516 0.09466019417475728
2 0.33859223300970875 0.5297330097087378 0.03640776699029126 0.07888349514563107
3 0.24514563106796117 0.5940533980582524 0.04854368932038835 0.061893203883495146
2 0.18669902912621358 0.45529126213592236 0.09992718446601939 0.0918446601941747
2 0.09466019417475728 0.2633495145631068 0.11165048543689321 0.050970873786407765
3 0.5121359223300971 0.45691747572815533 0.14563106796116504 0.05461165048543689
2 0.7809466019417476 0.5430825242718447 0.07645631067961164 0.06674757281553398
2 0.9029126213592233 0.5631067961165048 0.10194174757281553 0.05339805825242718
2 0.8962378640776699 0.5345873786407767 0.14684466019417475 0.0691747572815534
2 0.5824970072815534 0.5609492985436894 0.6035704417475728 0.5443173786407767 0.7111558689320389 0.5261734660194175 0.6900824344660195 0.4777896990291262 0.5747331116504855 0.5337334296116505 0.5824970072815534 0.5609492985436894
2 0.5442961165048543 0.5685679611650486 0.06432038834951456 0.0691747572815534
2 0.5127427184466019 0.5060679611650486 0.08373786407766991 0.055825242718446605
2 0.4520631067961165 0.5103155339805825 0.07888349514563107 0.044902912621359224
2 0.969247572815534 0.5212378640776699 0.043689320388349516 0.03762135922330097
2 0.7001087815533981 0.48988564077669905 0.7056544199029127 0.5186135024271845 0.7267278543689321 0.49139763349514565 0.6989996529126214 0.41882198300970874 0.6459870533980582 0.4551098082524272 0.64908888592233 0.49593361165048544 0.7001087815533981 0.48988564077669905
1 0.31351941747572815 0.6213592233009708 0.0703883495145631 0.043689320388349516
2 0.3988524514563107 0.5070673762135922 0.4468474490291262 0.4916725412621359 0.4349132087378641 0.43971497330097087 0.32685995388349515 0.48108859223300965 0.3049798810679612 0.5089917305825242 0.31344958495145636 0.5272730970873786 0.33321223300970876 0.5012943131067961 0.3593271577669903 0.5147647936893204 0.38473627427184465 0.4705046432038835 0.3988524514563107 0.5070673762135922
3 0.5121359223300971 0.4205097087378641 0.1650485436893204 0.05461165048543689
2 0.08980582524271845 0.6092233009708737 0.1553398058252427 0.06310679611650485
2 0.02669902912621359 0.5485436893203883 0.043689320388349516 0.04854368932038835
3 0.07888349514563107 0.5726213592233009 0.03640776699029126 0.03519417475728155
3 0.08798543689320389 0.5382281553398058 0.03519417475728155 0.04247572815533981
2 0.05461165048543689 0.5485436893203883 0.02669902912621359 0.05339805825242718
2 0.15351941747572814 0.5758495145631068 0.025485436893203883 0.03519417475728155
2 0.19720873786407767 0.5940533980582524 0.05946601941747573 0.05218446601941747
2 0.07220873786407767 0.41262135922330095 0.08131067961165049 0.07281553398058252
2 0.08779126213592234 0.33616504854368934 0.06230582524271845 0.08009708737864078
3 0.012135922330097087 0.3118932038834951 0.024271844660194174 0.0412621359223301
2 0.03762135922330097 0.45145631067961167 0.07524271844660194 0.06310679611650485