2 0.5476804123711341 0.16172680412371135 0.16237113402061856 0.23324742268041238
2 0.7023195876288659 0.13724226804123713 0.15206185567010308 0.19458762886597938
2 0.8814432989690721 0.09020618556701031 0.211340206185567 0.11855670103092783
2 0.5599226804123711 0.45940721649484534 0.09149484536082474 0.06056701030927835
2 0.729819587628866 0.44180412371134015 0.10224226804123701 0.061417525773195834
3 0.6643041237113402 0.3485824742268041 0.21262886597938144 0.1018041237113402
1 0.3170103092783505 0.44394329896907214 0.12371134020618557 0.05025773195876289
2 0.4435051546391753 0.4641237113402062 0.1559278350515464 0.08546391752577326
2 0.9304123711340206 0.23582474226804123 0.13917525773195877 0.05412371134020619
1 0.39819587628865977 0.2706185567010309 0.1056701030927835 0.061855670103092786
1 0.40850515463917525 0.3125 0.09536082474226804 0.03479381443298969
2 0.5257731958762887 0.5057989690721649 0.061855670103092786 0.029639175257731958
3 0.125 0.029639175257731958 0.06958762886597938 0.059278350515463915
3 0.4993556701030928 0.39969072164948455 0.08891752577319588 0.039097938144329936