2 0.4505347593582888 0.8536096256684492 0.16844919786096257 0.24197860962566844
2 0.29010695187165775 0.8790106951871658 0.15775401069518716 0.2018716577540107
2 0.10695187165775401 0.9278074866310161 0.21390374331550802 0.12299465240641712
2 0.43783422459893045 0.5447860962566845 0.09491978609625669 0.06283422459893048
2 0.2615775401069519 0.563048128342246 0.10606951871657751 0.06371657754010691
3 0.32954545454545453 0.6597593582887701 0.22058823529411764 0.10561497326203209
1 0.6898395721925134 0.5608288770053476 0.12834224598930483 0.05213903743315508
2 0.5586096256684492 0.5398930481283423 0.16176470588235295 0.08866310160427814
2 0.06283422459893048 0.7767379679144385 0.12566844919786097 0.05614973262032086
1 0.6056149732620321 0.7406417112299465 0.10962566844919786 0.06417112299465241
1 0.5949197860962567 0.6971925133689839 0.09893048128342247 0.03609625668449198
2 0.4732620320855615 0.4966577540106952 0.06417112299465241 0.03074866310160428
3 0.8890374331550802 0.9799465240641712 0.07219251336898395 0.040106951871657755
3 0.5006684491978609 0.6067379679144385 0.09224598930481283 0.040561497326203254