2 0.6760817307692307 0.5769230769230769 0.15985576923076922 0.0673076923076923
2 0.42367788461538464 0.5729086538461539 0.1582451923076923 0.08012019230769231
2 0.37740384615384615 0.4963942307692308 0.04326923076923077 0.09375
2 0.33774038461538464 0.5246394230769231 0.036057692307692304 0.078125
3 0.24519230769230768 0.5883413461538461 0.04807692307692308 0.06129807692307692
2 0.18730769230769231 0.45091346153846157 0.09896634615384615 0.09096153846153847
2 0.09615384615384616 0.2608173076923077 0.11057692307692307 0.05048076923076923
3 0.5096153846153846 0.45252403846153844 0.14423076923076922 0.054086538461538464
2 0.7758413461538461 0.5378605769230769 0.07572115384615384 0.06610576923076923
2 0.8966346153846154 0.5576923076923077 0.10096153846153846 0.052884615384615384
2 0.8900240384615384 0.5294471153846154 0.14543269230769232 0.06850961538461539
2 0.6001707259615384 0.5390835576923076 0.7067216778846154 0.5211141057692308 0.6858508725961538 0.4731955673076923 0.5716106778846154 0.5286013774038462 0.5792999206730769 0.5555555552884616
2 0.5414663461538461 0.5631009615384616 0.06370192307692307 0.06850961538461539
2 0.5102163461538461 0.5012019230769231 0.0829326923076923 0.055288461538461536
2 0.4501201923076923 0.5054086538461539 0.078125 0.04447115384615385
2 0.9623317307692307 0.5162259615384616 0.04326923076923077 0.037259615384615384
2 0.7221439326923077 0.48667265625 0.6946823485576924 0.4147948485576923 0.6421794855769231 0.45073375240384617 0.6452514927884615 0.4911650192307692 0.6957808125 0.48517520192307695 0.7012731274038462 0.5136268341346154
1 0.3129086538461538 0.6153846153846154 0.06971153846153846 0.04326923076923077
2 0.31283949278846157 0.5222031634615385 0.3324121153846154 0.4964741754807692 0.35827593509615385 0.5098151322115384 0.3834407331730769 0.46598056009615385 0.3974211778846154 0.5021917283653846 0.4449546850961538 0.48694492067307693 0.4331351971153846 0.4354869447115384 0.3261209158653846 0.47646274038461534 0.30445122836538463 0.504097579326923
3 0.5096153846153846 0.41646634615384615 0.16346153846153846 0.054086538461538464
2 0.09134615384615384 0.6033653846153846 0.15384615384615385 0.0625
2 0.028846153846153848 0.5432692307692307 0.04326923076923077 0.04807692307692308
3 0.08052884615384616 0.5671153846153846 0.036057692307692304 0.03485576923076923
3 0.08954326923076923 0.5330528846153846 0.03485576923076923 0.042067307692307696
2 0.056490384615384616 0.5432692307692307 0.026442307692307692 0.052884615384615384
2 0.1544471153846154 0.5703125 0.025240384615384616 0.03485576923076923
2 0.19771634615384615 0.5883413461538461 0.05889423076923077 0.051682692307692304
2 0.07391826923076923 0.40865384615384615 0.08052884615384616 0.07211538461538461
2 0.08935096153846155 0.3329326923076923 0.06170673076923077 0.07932692307692307
3 0.013221153846153846 0.3094951923076923 0.026442307692307692 0.042067307692307696
2 0.038461538461538464 0.44771634615384615 0.07692307692307693 0.06370192307692307