2 0.09888059701492537 0.7133084577114428 0.1256218905472637 0.15298507462686567
2 0.024875621890547265 0.7599502487562189 0.04975124378109453 0.10696517412935323
2 0.17288557213930347 0.8314676616915423 0.15671641791044777 0.1455223880597015
2 0.19858208955223877 0.9233084577114429 0.1517412935323383 0.0472636815920398
2 0.3805970149253731 0.7817164179104478 0.11442786069651742 0.08084577114427861
3 0.4502487562189055 0.9371890547263682 0.10945273631840796 0.1181592039800995
2 0.8905472636815921 0.6579601990049752 0.1044776119402985 0.08706467661691543
2 0.7195273631840796 0.5746268656716418 0.07338308457711443 0.05472636815920398
2 0.9036069651741293 0.8843283582089553 0.053482587064676616 0.08208955223880597
2 0.9800995024875622 0.9154228855721394 0.03980099502487562 0.06467661691542288
2 0.9825870646766169 0.6305970149253731 0.03482587064676617 0.0472636815920398
2 0.6436567164179104 0.7288557213930348 0.046019900497512436 0.05970149253731343
2 0.5895522388059702 0.667910447761194 0.04477611940298507 0.05223880597014925