2 0.2265625 0.7914663461538461 0.24158653846153846 0.12139423076923077
2 0.6358173076923077 0.5538942307692307 0.18670673076923078 0.14622596153846154
2 0.7998798076923077 0.6640625 0.17668269230769232 0.078125
2 0.6862980769230769 0.7824519230769231 0.16105769230769232 0.09375
2 0.9314903846153846 0.7427884615384616 0.13701923076923078 0.125
2 0.5190384615384616 0.4050480769230769 0.15504807692307693 0.10817307692307693
2 0.375 0.4230769230769231 0.10576923076923077 0.125
2 0.7938701923076923 0.3623798076923077 0.12139423076923077 0.12860576923076922
2 0.890625 0.4264903846153846 0.13221153846153846 0.09014423076923077
2 0.7752403846153846 0.4813701923076923 0.12740384615384615 0.140625
1 0.2678365384615385 0.6947115384615384 0.06449519230769231 0.08173076923076923
2 0.6965144230769231 0.8707932692307693 0.1141826923076923 0.140625