2 0.14841503267973863 0.640718954248366 0.21429738562091508 0.2430718954248366
2 0.42810457516339867 0.035130718954248366 0.12418300653594772 0.07026143790849673
2 0.4919281045751634 0.41916666666666663 0.21016339869281048 0.17557189542483667
2 0.1500490196078432 0.36562091503267974 0.18488562091503274 0.18302287581699345
3 0.1667973856209151 0.25535947712418294 0.06316993464052292 0.14225490196078422
2 0.46251633986928103 0.7473039215686275 0.11540849673202613 0.18514705882352933
3 0.3730718954248366 0.5508496732026144 0.07539215686274507 0.06333333333333332
2 0.8374836601307188 0.26031045751633985 0.2280718954248365 0.24
3 0.2850490196078431 0.5018464052287581 0.05866013071895421 0.1123202614379085
3 0.3334477124183006 0.507140522875817 0.03699346405228756 0.06982026143790852
3 0.5834313725490197 0.5559477124183007 0.0631045751633987 0.07354575163398691