2 0.8924278846153846 0.7133413461538461 0.12139423076923077 0.14783653846153846
2 0.9699519230769231 0.7600240384615385 0.06009615384615385 0.10336538461538461
2 0.8209134615384616 0.8275240384615384 0.15144230769230768 0.140625
2 0.7960817307692308 0.9162740384615385 0.1466346153846154 0.04567307692307692
2 0.6201923076923077 0.7794471153846154 0.11057692307692307 0.078125
3 0.5528846153846154 0.9296875 0.10576923076923077 0.1141826923076923
2 0.12740384615384615 0.6598557692307693 0.10096153846153846 0.08413461538461539
2 0.2926682692307692 0.5793269230769231 0.07091346153846154 0.052884615384615384
2 0.11478365384615384 0.8786057692307693 0.051682692307692304 0.07932692307692307
2 0.034254807692307696 0.9086538461538461 0.054086538461538464 0.0625
2 0.027644230769230768 0.6334134615384616 0.055288461538461536 0.04567307692307692
2 0.3659855769230769 0.7283653846153846 0.04447115384615385 0.057692307692307696
2 0.4182692307692308 0.6694711538461539 0.04326923076923077 0.05048076923076923