2 0.42342539393939393 0.6988455984848485 0.4770575808080808 0.7046176060606061 0.4991414217171717 0.6561327575757576 0.4549737398989899 0.6422799419191919 0.42342539393939393 0.6988455984848485
2 0.6818181818181818 0.5460858585858586 0.1717171717171717 0.054292929292929296
2 0.8325 0.6462626262626262 0.06565656565656566 0.07449494949494949
2 0.7466414141414142 0.7434848484848485 0.07575757575757576 0.09214646464646467
2 0.6439393939393939 0.7897727272727273 0.05555555555555555 0.08712121212121213
2 0.5233585858585859 0.7908333333333334 0.06944444444444445 0.07489898989898981
2 0.44823232323232326 0.7683080808080808 0.05808080808080808 0.07449494949494949
2 0.513459595959596 0.7419949494949495 0.11446969696969693 0.039570707070706965
2 0.7960858585858586 0.7878787878787878 0.054292929292929296 0.030303030303030304
2 0.09848484848484848 0.13573232323232323 0.06565656565656566 0.04671717171717172
3 0.8181818181818182 0.24621212121212122 0.05555555555555555 0.047979797979797977