2 0.9094827586206896 0.7235221674876847 0.12438423645320197 0.15147783251231528
2 0.979064039408867 0.7697044334975369 0.04187192118226601 0.10591133004926108
2 0.8362068965517241 0.8405172413793104 0.15517241379310345 0.1440886699507389
2 0.8107635467980296 0.9314532019704433 0.15024630541871922 0.046798029556650245
2 0.6305418719211823 0.791256157635468 0.11330049261083744 0.08004926108374384
3 0.5615763546798029 0.9433497536945813 0.10837438423645321 0.11330049261083744
2 0.12561576354679804 0.6687192118226601 0.10344827586206896 0.08620689655172414
2 0.29495073891625617 0.5862068965517241 0.07266009852216748 0.054187192118226604
2 0.11268472906403941 0.8928571428571429 0.05295566502463054 0.0812807881773399
2 0.03017241379310345 0.9236453201970444 0.05541871921182266 0.06403940886699508
2 0.02586206896551724 0.6416256157635468 0.05172413793103448 0.046798029556650245
2 0.37007389162561577 0.7389162561576355 0.04556650246305419 0.059113300492610835
2 0.4236453201970443 0.6785714285714286 0.04433497536945813 0.05172413793103448