3 0.5054430379746836 0.48064873417721515 0.06901898734177216 0.18348101265822792
2 0.6387341772151899 0.4964556962025316 0.06306962025316458 0.15185126582278485
3 0.8618196202531645 0.288243670886076 0.15215189873417734 0.1371044303797468
1 0.22204113924050634 0.3801898734177215 0.06224683544303793 0.06795886075949374
1 0.5169145569620253 0.6935759493670887 0.1109493670886076 0.06852848101265814
3 0.40140822784810126 0.6940031645569621 0.18968354430379747 0.21167721518987337
2 0.4490822784810126 0.6947784810126583 0.08286392405063292 0.11518987341772145
3 0.34504746835443034 0.4956645569620253 0.20748417721518986 0.15343354430379752
3 0.40200949367088606 0.5184018987341772 0.08406645569620252 0.10401898734177216
1 0.1300632911392405 0.6912183544303798 0.09004746835443038 0.09857594936708854
3 0.5564556962025317 0.23425632911392408 0.07572784810126584 0.05126582278481009
3 0.5580379746835443 0.41874999999999996 0.07572784810126584 0.08181962025316461
3 0.7326740506329114 0.5021835443037974 0.0681962025316456 0.06208860759493672
3 0.7734177215189874 0.5802848101265823 0.043655063291139294 0.04749999999999997
3 0.8796202531645569 0.45749999999999996 0.09598101265822798 0.08341772151898738
3 0.8038765822784809 0.4078639240506329 0.061550632911392546 0.044240506329113985
3 0.2196518987341772 0.53125 0.06590189873417718 0.06645569620253164
2 0.8349208860759493 0.2178481012658228 0.13897151898734167 0.0722151898734177