2 0.8736525974025974 0.330974025974026 0.2129058441558443 0.24149350649350648
2 0.5957792207792207 0.9488636363636364 0.12337662337662338 0.10227272727272728
2 0.5323701298701299 0.5510876623376624 0.20879870129870132 0.17443181818181824
2 0.8720292207792207 0.6042857142857143 0.1836850649350651 0.18183441558441557
3 0.8553896103896104 0.7138311688311689 0.06275974025974039 0.14133116883116875
2 0.5615909090909091 0.22508116883116885 0.1146590909090909 0.1839448051948052
3 0.6504545454545455 0.4202597402597403 0.07490259740259739 0.06292207792207791
2 0.18905844155844154 0.7089123376623376 0.22659090909090912 0.23844155844155843
3 0.7379058441558441 0.4689448051948052 0.05827922077922074 0.1115909090909091
3 0.6898214285714286 0.46368506493506495 0.03675324675324673 0.06936688311688315
3 0.44146103896103894 0.41519480519480517 0.0626948051948052 0.07306818181818181