3 0.505375 0.512859375 0.06815625 0.1811875
2 0.637 0.49725 0.062281249999999996 0.149953125
3 0.857296875 0.702859375 0.15025 0.13539062500000001
1 0.22551562500000003 0.6120625000000001 0.06146875 0.067109375
1 0.516703125 0.30259375 0.10956250000000001 0.067671875
3 0.402640625 0.302171875 0.1873125 0.20903125
2 0.44971875 0.30140625 0.081828125 0.11374999999999999
3 0.346984375 0.49803125000000004 0.204890625 0.151515625
3 0.403234375 0.475578125 0.08301562500000001 0.10271875
1 0.13468750000000002 0.304921875 0.088921875 0.09734374999999999
3 0.55575 0.7561718749999999 0.07478125 0.050624999999999996
3 0.5573125 0.573984375 0.07478125 0.080796875
3 0.729765625 0.49159375 0.06734375000000001 0.061312500000000006
3 0.77 0.41446875 0.043109375 0.04690625
3 0.874875 0.53571875 0.09478125 0.082375
3 0.800078125 0.584734375 0.060781249999999995 0.043687500000000004
3 0.22315625 0.462890625 0.065078125 0.065625
2 0.8307343749999999 0.772375 0.137234375 0.0713125