2 0.49600960817307693 0.3417582403846154 0.53805384375 0.35494505528846154 0.5680854423076923 0.30109890144230766 0.5170317259615385 0.29560439423076923
2 0.32211538461538464 0.4465144230769231 0.16346153846153846 0.051682692307692304
2 0.1786778846153846 0.3511538461538462 0.0625 0.07091346153846154
2 0.26040865384615386 0.2586057692307692 0.07211538461538461 0.08771634615384616
2 0.3581730769230769 0.21454326923076922 0.052884615384615384 0.0829326923076923
2 0.4729567307692308 0.21353365384615383 0.06610576923076923 0.07129807692307692
2 0.5444711538461539 0.23497596153846154 0.055288461538461536 0.07091346153846154
2 0.48237980769230765 0.2600240384615385 0.10896634615384615 0.03766826923076923
2 0.21334134615384615 0.21634615384615385 0.051682692307692304 0.028846153846153848
2 0.8774038461538461 0.8371394230769231 0.0625 0.04447115384615385
3 0.19230769230769232 0.7319711538461539 0.052884615384615384 0.04567307692307692