2 0.3828125 0.6604567307692307 0.1502403846153846 0.18629807692307693
2 0.4074519230769231 0.7277644230769231 0.055288461538461536 0.06610576923076923
2 0.4847836538461538 0.8771875 0.09615384615384616 0.20793269230769232
2 0.5480769230769231 0.9164663461538461 0.09134615384615384 0.16466346153846154
2 0.6147836538461539 0.8075 0.06290865384615385 0.09415865384615385
2 0.5871394230769231 0.6694711538461539 0.09735576923076923 0.12259615384615384
2 0.40564903846153844 0.5432692307692307 0.09975961538461539 0.11057692307692307
2 0.25 0.5817307692307693 0.038461538461538464 0.08173076923076923
2 0.0889423076923077 0.7932692307692307 0.07211538461538461 0.09615384615384616
3 0.5122115384615384 0.6237980769230769 0.042067307692307696 0.06971153846153846
2 0.6723798076923077 0.8988461538461539 0.2706490384615385 0.20233173076923078