2 0.27884615384615385 0.5666666666666667 0.17051282051282052 0.07179487179487179
2 0.5480769230769231 0.5623846153846154 0.16879487179487176 0.08546153846153842
2 0.5974358974358974 0.4807692307692308 0.046153846153846156 0.1
2 0.6397435897435897 0.5108974358974359 0.038461538461538464 0.08333333333333333
3 0.7384615384615385 0.5788461538461539 0.05128205128205128 0.06538461538461539
2 0.8002051282051281 0.43225641025641026 0.10556410256410247 0.09702564102564096
2 0.8974358974358975 0.22948717948717948 0.11794871794871795 0.05384615384615385
3 0.4564102564102564 0.433974358974359 0.15384615384615385 0.057692307692307696
2 0.17243589743589743 0.525 0.08076923076923077 0.07051282051282051
2 0.04871794871794872 0.5461538461538461 0.09743589743589744 0.05641025641025641
2 0.0641025641025641 0.5153846153846153 0.1282051282051282 0.07179487179487179
2 0.3820800846153846 0.5438746435897436 0.3902819435897436 0.5151235205128205 0.2684257358974359 0.45602398974358976 0.2461635435897436 0.5071370974358974 0.35981789230769234 0.5263045128205128 0.3820800846153846 0.5438746435897436
2 0.42243589743589743 0.551923076923077 0.06794871794871794 0.07307692307692308
2 0.45576923076923076 0.4858974358974359 0.08846153846153847 0.05897435897435897
2 0.5198717948717949 0.49038461538461536 0.08333333333333333 0.047435897435897434
2 0.2519753307692308 0.49915067435897437 0.2578338 0.4688022666666667 0.311731741025641 0.4751914051282051 0.31500854871794876 0.4320647205128205 0.25900549487179486 0.39372988974358974 0.22971313846153846 0.4703995512820513 0.2519753307692308 0.49915067435897437
1 0.6662307692307693 0.6076923076923076 0.07435897435897436 0.046153846153846156
2 0.6752520230769231 0.4889861358974359 0.6521376897435898 0.4595089743589743 0.537989123076923 0.41580145897435894 0.5253816692307692 0.4706899666666667 0.576084076923077 0.48695322820512815 0.5909965512820513 0.44832798205128205 0.6178390025641025 0.49508485897435894 0.6454270769230769 0.4808545051282051 0.666304541025641 0.5082987589743589 0.6752520230769231 0.4889861358974359
3 0.4564102564102564 0.3955128205128205 0.17435897435897435 0.057692307692307696
2 0.9025641025641026 0.5948717948717949 0.1641025641025641 0.06666666666666667
2 0.9692307692307692 0.5307692307692308 0.046153846153846156 0.05128205128205128
3 0.9141025641025641 0.5562051282051281 0.038461538461538464 0.03717948717948718
3 0.9044871794871795 0.5198717948717949 0.03717948717948718 0.04487179487179487
2 0.9397435897435897 0.5307692307692308 0.028205128205128206 0.05641025641025641
2 0.8352564102564103 0.5596153846153846 0.026923076923076925 0.03717948717948718
2 0.7891025641025641 0.5788461538461539 0.06282051282051282 0.05512820512820513
2 0.9211538461538461 0.3871794871794872 0.0858974358974359 0.07692307692307693
2 0.9046923076923077 0.30641025641025643 0.06582051282051271 0.08461538461538462
3 0.985897435897436 0.2814102564102564 0.028205128205128206 0.04487179487179487
2 0.958974358974359 0.4288461538461538 0.08205128205128205 0.06794871794871794