3 0.57178125 0.445703125 0.075984375 0.06251562499999999
2 0.4288125 0.42696875 0.111890625 0.056281250000000005
2 0.630359375 0.523640625 0.083796875 0.10584374999999999
2 0.533109375 0.536515625 0.12987500000000002 0.056640625
2 0.46299999999999997 0.49784375000000003 0.10214062500000001 0.061312500000000006
2 0.5538125 0.403140625 0.11190625000000001 0.06331250000000001
2 0.6416875 0.43653125 0.05334375 0.102734375
3 0.6618125 0.469328125 0.102953125 0.074609375
2 0.516703125 0.457625 0.0658125 0.069921875
2 0.379984375 0.483 0.063875 0.062875
2 0.384671875 0.4295 0.057625 0.05745312500000001