2 0.8046875 0.6586538461538461 0.109375 0.08653846153846154
2 0.8816105769230769 0.5656971153846154 0.11899038461538461 0.07050480769230769
2 0.5925480769230769 0.4717548076923077 0.0985576923076923 0.0733173076923077
2 0.6881009615384616 0.48115384615384615 0.09735576923076923 0.06649038461538462
2 0.8086778846153847 0.48336538461538464 0.12218749999999999 0.09173076923076923
2 0.5582932692307693 0.5797355769230769 0.08774038461538461 0.06331730769230769
2 0.4182692307692308 0.6123798076923077 0.11057692307692307 0.07091346153846154
2 0.4891826923076923 0.5697115384615384 0.06009615384615385 0.08173076923076923
2 0.17668269230769232 0.4951923076923077 0.15625 0.11538461538461539
2 0.028245192307692308 0.5618990384615384 0.051682692307692304 0.06610576923076923
2 0.3828125 0.5132211538461539 0.0733173076923077 0.05048076923076923
2 0.43588942307692313 0.47836538461538464 0.08492788461538461 0.052884615384615384
2 0.40564903846153844 0.5492788461538461 0.051682692307692304 0.05048076923076923
2 0.019831730769230768 0.5126201923076923 0.039663461538461536 0.06370192307692307
2 0.3311298076923077 0.49939903846153844 0.07091346153846154 0.042067307692307696
2 0.9747596153846154 0.5631009615384616 0.05048076923076923 0.08774038461538461