2 0.854953125 0.3529375 0.204921875 0.2324375
2 0.587984375 0.949796875 0.11778124999999999 0.100390625
2 0.52646875 0.5647968750000001 0.20096875 0.16789062500000002
2 0.853390625 0.616 0.17679687500000002 0.175015625
3 0.837375 0.7214375000000001 0.060406249999999995 0.13603125
2 0.55459375 0.251015625 0.110359375 0.177046875
3 0.640125 0.438875 0.07209375 0.0605625
2 0.19603125 0.716703125 0.21809375000000003 0.22949999999999998
3 0.7242968750000001 0.485734375 0.05609375 0.10740625
3 0.678015625 0.48067187499999997 0.035375000000000004 0.066765625
3 0.43896875 0.434 0.060343749999999995 0.07032812499999999