2 0.9310344827586207 0.8097290640394089 0.03940886699507389 0.09482758620689655
2 0.9661330049261084 0.6520935960591133 0.0603448275862069 0.03571428571428571
2 0.7727832512315271 0.6170197044334975 0.17118226600985223 0.33253694581280785
2 0.9753694581280788 0.5972906403940886 0.04926108374384237 0.05665024630541872
2 0.9045566502463054 0.5960591133004927 0.04556650246305419 0.06896551724137931
3 0.10283251231527094 0.5923645320197044 0.05295566502463054 0.11576354679802955
2 0.9679802955665024 0.5307881773399015 0.06403940886699508 0.0665024630541872
2 0.5726600985221675 0.520935960591133 0.0812807881773399 0.14039408866995073
2 0.7093596059113301 0.4858374384236453 0.09359605911330049 0.2746305418719212
2 0.44950738916256155 0.16995073891625614 0.23891625615763548 0.3054187192118227
2 0.12807881773399016 0.06773399014778325 0.12807881773399016 0.1354679802955665
2 0.4267241379310345 0.4544334975369458 0.12931034482758622 0.1206896551724138
2 0.9655172413793104 0.46551724137931033 0.06896551724137931 0.08866995073891626