3 0.49450479233226835 0.49164536741214054 0.06968051118210863 0.1852396166134186
2 0.3599361022364217 0.5076038338658146 0.06367412140575082 0.15330670926517576
3 0.13471246006389784 0.29739616613418535 0.15361022364217256 0.13841853035143767
1 0.7806230031948881 0.3902236421725239 0.06284345047923327 0.06861022364217259
1 0.4829233226837061 0.7066134185303515 0.11201277955271566 0.0691853035143769
3 0.5995367412140575 0.7070447284345048 0.19150159744408946 0.21370607028753988
2 0.551405750798722 0.7078274760383387 0.08365814696485624 0.11629392971246
3 0.6564376996805112 0.5068051118210862 0.20947284345047923 0.15490415335463262
3 0.5989297124600639 0.5297603833865815 0.08487220447284344 0.10501597444089458
1 0.8734824281150159 0.7042332268370607 0.09091054313099055 0.09952076677316286
3 0.4430031948881789 0.24289137380191694 0.07645367412140577 0.051757188498402516
3 0.441405750798722 0.4291533546325878 0.07645367412140577 0.08260383386581475
3 0.2650958466453674 0.5133865814696486 0.06884984025559109 0.06268370607028756
3 0.22396166134185302 0.5922364217252396 0.04407348242811507 0.04795527156549518
3 0.11674121405750805 0.46827476038338656 0.0969009584664538 0.08421725239616618
3 0.19321086261980838 0.41816293929712456 0.06214057507987226 0.044664536741214116
3 0.7830351437699681 0.5427316293929713 0.06653354632587856 0.0670926517571885
2 0.1618690095846646 0.2263258785942492 0.14030351437699679 0.07290734824281148