2 0.9110576923076923 0.18810096153846154 0.038461538461538464 0.09254807692307693
2 0.9453125 0.34194711538461536 0.05889423076923077 0.03485576923076923
2 0.7566105769230769 0.37617788461538465 0.16706730769230768 0.3245432692307692
2 0.9627403846153846 0.3954326923076923 0.06490384615384616 0.055288461538461536
2 0.8852163461538461 0.39663461538461536 0.04447115384615385 0.0673076923076923
3 0.10276442307692307 0.40024038461538464 0.051682692307692304 0.11298076923076923
2 0.9489182692307693 0.46033653846153844 0.06610576923076923 0.06490384615384616
2 0.5612980769230769 0.4699519230769231 0.07932692307692307 0.13701923076923078
2 0.6947115384615384 0.5042067307692307 0.09134615384615384 0.26802884615384615
2 0.4411057692307692 0.8125 0.23317307692307693 0.2980769230769231
2 0.12740384615384615 0.9176682692307693 0.125 0.14302884615384615
2 0.4188701923076923 0.5348557692307693 0.12620192307692307 0.11778846153846154
2 0.9483173076923077 0.5246394230769231 0.07451923076923077 0.08774038461538461