2 0.19409547738693467 0.3542713567839196 0.114321608040201 0.09045226130653267
2 0.11369346733668342 0.45143216080402004 0.12437185929648241 0.07369346733668337
2 0.4158291457286432 0.5496231155778895 0.10301507537688442 0.07663316582914573
2 0.31595477386934673 0.5397989949748744 0.10175879396984924 0.06949748743718599
2 0.18992462311557784 0.5374874371859296 0.12771356783919607 0.09587939698492469
2 0.45163316582914576 0.4367587939698493 0.09170854271356783 0.06618090452261301
2 0.5979899497487438 0.4026381909547739 0.11557788944723618 0.07412060301507538
2 0.5238693467336684 0.4472361809045226 0.06281407035175879 0.08542713567839195
2 0.8505025125628141 0.5251256281407035 0.16331658291457288 0.12060301507537688
2 0.9899497487437185 0.45603015075376885 0.020100502512562814 0.0678391959798995
2 0.6350502512562815 0.5062814070351759 0.07663316582914573 0.052763819095477386
2 0.579572864321608 0.542713567839196 0.0887688442211055 0.05527638190954774
2 0.6111809045226131 0.4685929648241206 0.05402010050251256 0.052763819095477386
2 0.6890703517587939 0.5207286432160804 0.07412060301507538 0.04396984924623116
2 0.02135678391959799 0.4547738693467337 0.04271356783919598 0.09045226130653267