2 0.7790841584158416 0.8001237623762376 0.24876237623762376 0.125
2 0.35767326732673266 0.5554950495049504 0.19225247524752465 0.15056930693069304
2 0.18873762376237624 0.6689356435643564 0.18193069306930693 0.08044554455445545
2 0.3056930693069307 0.7908415841584159 0.16584158415841585 0.09653465346534654
2 0.06188118811881188 0.75 0.12376237623762376 0.12871287128712872
2 0.47792079207920796 0.40222772277227725 0.15965346534653466 0.11138613861386139
2 0.6262376237623762 0.4207920792079208 0.10891089108910891 0.12871287128712872
2 0.19492574257425743 0.3582920792079208 0.125 0.13242574257425743
2 0.0952970297029703 0.4243069306930693 0.13613861386138615 0.09282178217821782
2 0.2141089108910891 0.4808168316831683 0.1311881188118812 0.1448019801980198
1 0.7365841584158416 0.7004950495049505 0.06641089108910901 0.08415841584158416
2 0.29517326732673266 0.8818069306930693 0.11757425742574257 0.1448019801980198