2 0.8067073170731708 0.33414634146341465 0.11097560975609756 0.08780487804878048
2 0.8847560975609756 0.42846341463414633 0.12073170731707317 0.07153658536585362
2 0.5914634146341463 0.5237804878048781 0.1 0.07439024390243902
2 0.6884146341463414 0.5142439024390244 0.09878048780487805 0.0674634146341464
2 0.8107560975609757 0.512 0.12397560975609766 0.09307317073170737
2 0.5567073170731708 0.414219512195122 0.08902439024390243 0.06424390243902432
2 0.4146341463414634 0.38109756097560976 0.11219512195121951 0.07195121951219512
2 0.4865853658536585 0.424390243902439 0.06097560975609756 0.08292682926829269
2 0.16951219512195123 0.5 0.15853658536585366 0.11707317073170732
2 0.02195121951219512 0.4329268292682927 0.04390243902439024 0.06585365853658537
2 0.37865853658536586 0.4817073170731707 0.07439024390243902 0.05121951219512195
2 0.43251219512195127 0.5170731707317073 0.08617073170731704 0.05365853658536585
2 0.40182926829268295 0.4451219512195122 0.0524390243902439 0.05121951219512195
2 0.014634146341463415 0.48292682926829267 0.02926829268292683 0.06341463414634146
2 0.32621951219512196 0.49573170731707317 0.07195121951219512 0.042682926829268296
2 0.9768292682926829 0.4317073170731707 0.046341463414634146 0.08780487804878048