2 0.5819375 0.9435625 0.127546875 0.11287499999999999
2 0.900578125 0.55134375 0.198828125 0.1541875
2 0.500296875 0.630203125 0.24235937500000002 0.193234375
2 0.38468749999999996 0.865296875 0.19234374999999998 0.19465625
2 0.793828125 0.7221875 0.12015625 0.162328125
2 0.79225 0.91978125 0.095453125 0.15128124999999998
2 0.06171875 0.73546875 0.1234375 0.09515625
2 0.106640625 0.929890625 0.21328125 0.140234375
2 0.274328125 0.870578125 0.15334375 0.193484375
2 0.421390625 0.47753125 0.199796875 0.1144375
2 0.70653125 0.545671875 0.12678125 0.1374375
2 0.8717499999999999 0.399421875 0.17915625 0.13009375
2 0.76121875 0.312140625 0.079921875 0.139125
2 0.68446875 0.21315625 0.151390625 0.109109375
2 0.9307343749999999 0.15359375 0.100265625 0.103296875
2 0.7996875 0.168625 0.08499999999999999 0.129453125
2 0.552640625 0.23503124999999997 0.13768750000000002 0.07473437499999999
2 0.32687499999999997 0.37540625 0.18296874999999999 0.12503124999999998
2 0.1423125 0.49979687500000003 0.110671875 0.104265625
2 0.21184375000000003 0.440421875 0.081 0.126171875
2 0.03828125 0.5081875 0.0765625 0.10934375
2 0.05682812499999999 0.4373125 0.113671875 0.0730625
2 0.455765625 0.2014375 0.190796875 0.1013125
2 0.9640625 0.03 0.071875 0.060015624999999996
2 0.758484375 0.112984375 0.1556875 0.0845625
2 0.07884375 0.06221875 0.12432812499999998 0.09240625
2 0.156 0.148328125 0.184890625 0.07321875
3 0.196421875 0.228171875 0.381359375 0.213375
2 0.498734375 0.07334375 0.10487500000000001 0.079515625
2 0.768625 0.04796875 0.31659375 0.0959375
2 0.37609375 0.031453125 0.131421875 0.062890625
2 0.364171875 0.084875 0.12989062499999998 0.07521875
3 0.261453125 0.052937500000000005 0.11459375000000001 0.105859375
2 0.287796875 0.6321718749999999 0.2545 0.12684375
2 0.521203125 0.493734375 0.196671875 0.088265625
2 0.058140625 0.8362187499999999 0.1076875 0.09353125
2 0.583109375 0.05625 0.070515625 0.1