2 0.8197368421052632 0.9868421052631579 0.09736842105263158 0.02631578947368421
2 0.8348684210526316 0.9414473684210526 0.07763157894736843 0.035526315789473684
2 0.6243421052631579 0.6381578947368421 0.05131578947368421 0.04473684210526316
2 0.7427631578947368 0.7769736842105263 0.046052631578947366 0.04868421052631579
2 0.8539473684210527 0.7243421052631579 0.06578947368421052 0.06447368421052632
2 0.4585526315789474 0.6822368421052631 0.025 0.06973684210526315
2 0.6736842105263158 0.8664473684210526 0.07368421052631578 0.06973684210526315
2 0.6723684210526316 0.8243421052631579 0.034210526315789476 0.06973684210526315
2 0.7138157894736842 0.9243421052631579 0.07763157894736843 0.06447368421052632
2 0.8151315789473684 0.8881578947368421 0.05394736842105263 0.034210526315789476
2 0.718421052631579 0.9736842105263158 0.06315789473684211 0.05263157894736842
2 0.8361842105263158 0.5815789473684211 0.05394736842105263 0.031578947368421054
2 0.8203947368421053 0.6453947368421052 0.05394736842105263 0.038157894736842106
2 0.8506578947368421 0.6776315789473685 0.056578947368421055 0.039473684210526314
2 0.8717105263157895 0.6453947368421052 0.056578947368421055 0.05394736842105263
2 0.9828947368421053 0.6421052631578947 0.034210526315789476 0.04736842105263158
2 0.6197368421052631 0.7835526315789474 0.06578947368421052 0.06184210526315789