2 0.6337064676616916 0.333955223880597 0.15547263681592038 0.1927860696517413
2 0.6082089552238806 0.26430348258706465 0.05721393034825871 0.06840796019900497
2 0.5281840796019901 0.10967661691542283 0.09950248756218906 0.21517412935323382
2 0.4626865671641791 0.07711442786069651 0.0945273631840796 0.15422885572139303
2 0.39365671641791045 0.18179104477611938 0.06509950248756209 0.09743781094527353
2 0.4222636815920398 0.3246268656716418 0.10074626865671642 0.12686567164179105
2 0.6100746268656716 0.4552238805970149 0.10323383084577115 0.11442786069651742
2 0.7711442786069652 0.4154228855721393 0.03980099502487562 0.0845771144278607
2 0.9378109452736318 0.19651741293532338 0.07462686567164178 0.09950248756218906
3 0.49980099502487557 0.3718905472636816 0.043532338308457715 0.07213930348258707
2 0.3345771144278607 0.09701492537313433 0.2810945273631841 0.19402985074626866