2 0.35180412371134023 0.00902061855670103 0.06443298969072164 0.01804123711340206
2 0.15077319587628865 0.03157216494845361 0.09536082474226804 0.03994845360824742
2 0.13595360824742267 0.08311855670103092 0.07603092783505154 0.03479381443298969
2 0.34213917525773196 0.3801546391752577 0.05025773195876289 0.04381443298969072
2 0.226159793814433 0.24420103092783504 0.045103092783505154 0.04768041237113402
2 0.1172680412371134 0.2957474226804124 0.06443298969072164 0.06314432989690721
2 0.5045103092783505 0.33698453608247425 0.024484536082474227 0.06829896907216494
2 0.29381443298969073 0.1565721649484536 0.07216494845360824 0.06829896907216494
2 0.29510309278350516 0.19780927835051546 0.03350515463917526 0.06829896907216494
2 0.2545103092783505 0.09987113402061856 0.07603092783505154 0.06314432989690721
2 0.15528350515463918 0.13530927835051546 0.05283505154639175 0.03350515463917526
2 0.25 0.041030927835051585 0.061855670103092786 0.07087628865979381
2 0.23711340206185566 0.00902061855670103 0.06701030927835051 0.01804123711340206
2 0.13466494845360824 0.43556701030927836 0.05283505154639175 0.030927835051546393
2 0.15012886597938144 0.37306701030927836 0.05283505154639175 0.037371134020618556
2 0.12048969072164949 0.34149484536082475 0.055412371134020616 0.03865979381443299
2 0.09987113402061856 0.37306701030927836 0.055412371134020616 0.05283505154639175
2 0.34664948453608246 0.23775773195876287 0.06443298969072164 0.06056701030927835