2 0.19411057692307693 0.8461538461538461 0.11899038461538461 0.16346153846153846
2 0.0625 0.8118990384615384 0.125 0.14302884615384615
2 0.3948317307692308 0.7860576923076923 0.054086538461538464 0.09615384615384616
2 0.32091346153846156 0.6069711538461539 0.055288461538461536 0.0985576923076923
3 0.25 0.7043269230769231 0.052884615384615384 0.08653846153846154
2 0.7632211538461539 0.5919471153846154 0.08413461538461539 0.140625
2 0.6354086538461539 0.5452644230769231 0.10576923076923077 0.06971153846153846
2 0.7259615384615384 0.5048076923076923 0.09615384615384616 0.0673076923076923
2 0.8954326923076923 0.5769230769230769 0.06009615384615385 0.08173076923076923
2 0.30288461538461536 0.9044471153846154 0.08173076923076923 0.1310096153846154
2 0.9645432692307693 0.5378605769230769 0.06850961538461539 0.1814903846153846