2 0.41013071895424835 0.9624183006535948 0.13398692810457516 0.07516339869281045
2 0.09068627450980392 0.5743464052287581 0.18137254901960784 0.16176470588235295
2 0.4947875816993464 0.6574019607843137 0.25344771241830066 0.20207516339869275
2 0.6168300653594772 0.9003267973856209 0.20098039215686275 0.19934640522875818
2 0.18782679738562089 0.75359477124183 0.1256535947712418 0.1697549019607843
2 0.190359477124183 0.940359477124183 0.09967320261437909 0.119281045751634
2 0.9444444444444444 0.7671568627450981 0.1111111111111111 0.09967320261437909
2 0.8978758169934641 0.9485294117647058 0.2042483660130719 0.10294117647058823
2 0.7320261437908496 0.9035947712418301 0.16013071895424835 0.19281045751633988
2 0.5773039215686274 0.4977450980392157 0.20893790849673202 0.1196732026143791
2 0.2791176470588235 0.5690032679738563 0.1325816993464052 0.1437254901960785
2 0.10633986928104582 0.41606209150326795 0.18735294117647064 0.1360457516339869
2 0.22192810457516338 0.3247875816993464 0.08357843137254899 0.14549019607843142
2 0.30218954248366015 0.22127450980392155 0.15831699346405226 0.11410130718954246
2 0.049019607843137254 0.15849673202614378 0.09803921568627451 0.10784313725490197
2 0.18169934640522875 0.17470588235294118 0.08888888888888885 0.13537581699346404
2 0.44004901960784315 0.2441503267973856 0.14398692810457517 0.0781535947712418
2 0.6761437908496732 0.3909477124183006 0.1913398692810458 0.13075163398692807
2 0.8691503267973856 0.5210294117647059 0.11573529411764694 0.10903594771241833
2 0.7964379084967319 0.45893790849673205 0.08470588235294105 0.13194444444444445
2 0.9689542483660131 0.5294117647058824 0.06209150326797386 0.11437908496732026
2 0.9501633986928104 0.4550653594771242 0.09967320261437909 0.07679738562091504
2 0.5413562091503268 0.20901960784313722 0.1995261437908497 0.10594771241830062
2 0.02369281045751634 0.03022875816993464 0.04738562091503268 0.06045751633986928
2 0.2247875816993464 0.11651960784313725 0.16281045751633985 0.08843137254901962
2 0.9354575163398693 0.06290849673202614 0.12908496732026145 0.09640522875816994
2 0.8548366013071895 0.15348039215686277 0.19334967320261426 0.07656862745098042
3 0.8071895424836601 0.2361111111111111 0.38562091503267976 0.2238562091503268
2 0.49642156862745096 0.07506535947712419 0.10967320261437909 0.0831535947712418
2 0.21486928104575165 0.049019607843137254 0.33169934640522875 0.09803921568627451
2 0.6258169934640523 0.031862745098039214 0.13725490196078433 0.06372549019607843
2 0.637140522875817 0.08712418300653595 0.13583333333333333 0.07866013071895425
3 0.7450980392156863 0.05392156862745098 0.12091503267973856 0.10784313725490197
2 0.7170098039215687 0.6594607843137255 0.2661437908496732 0.13264705882352934
2 0.4729248366013072 0.5146895424836602 0.20566993464052288 0.09230392156862746
2 0.9509803921568627 0.8725490196078431 0.09803921568627451 0.09803921568627451
2 0.40818627450980394 0.05718954248366013 0.07374183006535948 0.10457516339869281