3 0.42821875 0.554296875 0.07598437499999999 0.06251562499999999
2 0.5711875 0.57303125 0.11189062500000002 0.05628124999999997
2 0.369640625 0.47635937500000003 0.08379687499999999 0.10584375000000001
2 0.466890625 0.463484375 0.12987500000000002 0.056640625
2 0.537 0.50215625 0.10214062500000001 0.06131250000000001
2 0.4461875 0.596859375 0.11190625000000001 0.06331249999999997
2 0.3583125 0.56346875 0.05334374999999998 0.102734375
3 0.3381875 0.530671875 0.10295312499999998 0.074609375
2 0.483296875 0.542375 0.06581250000000001 0.069921875
2 0.620015625 0.517 0.06387499999999999 0.06287500000000001
2 0.615328125 0.5705 0.057624999999999996 0.05745312499999997