2 0.1935279187817259 0.17449238578680204 0.2550761421319797 0.1281725888324873
2 0.6256345177664975 0.4253299492385787 0.19713197969543136 0.1543908629441624
2 0.7988578680203046 0.309010152284264 0.1865482233502538 0.08248730964467005
2 0.6789340101522843 0.18401015228426396 0.1700507614213198 0.09898477157360407
2 0.932741116751269 0.22588832487309646 0.13451776649746192 0.1319796954314721
2 0.5023350253807106 0.5824873096446701 0.16370558375634517 0.11421319796954314
2 0.350253807106599 0.5634517766497462 0.1116751269035533 0.1319796954314721
2 0.7925126903553299 0.6275380710659898 0.1281725888324873 0.13578680203045684
2 0.8946700507614214 0.5598477157360406 0.13959390862944163 0.09517766497461928
2 0.7728426395939086 0.5019035532994924 0.13451776649746192 0.1484771573604061
1 0.23710659898477157 0.2766497461928934 0.06809644670050764 0.08629441624365482
2 0.6897208121827412 0.09073604060913705 0.12055837563451777 0.1484771573604061