2 0.39302884615384615 0.9747596153846154 0.06009615384615385 0.040865384615384616
2 0.20552884615384615 0.9417067307692307 0.0889423076923077 0.037259615384615384
2 0.19170673076923078 0.8936298076923077 0.07091346153846154 0.03245192307692308
2 0.3840144230769231 0.6165865384615384 0.046875 0.040865384615384616
2 0.27584134615384615 0.7433894230769231 0.042067307692307696 0.04447115384615385
2 0.17427884615384615 0.6953125 0.06009615384615385 0.05889423076923077
2 0.5354567307692307 0.6568509615384616 0.02283653846153846 0.06370192307692307
2 0.3389423076923077 0.8251201923076923 0.0673076923076923 0.06370192307692307
2 0.3401442307692308 0.7866586538461539 0.03125 0.06370192307692307
2 0.30228365384615385 0.8780048076923077 0.07091346153846154 0.05889423076923077
2 0.20973557692307693 0.8449519230769231 0.04927884615384615 0.03125
2 0.2980769230769231 0.9328846153846153 0.057692307692307696 0.06610576923076923
2 0.28665865384615385 0.9753605769230769 0.06370192307692307 0.042067307692307696
2 0.19050480769230768 0.5649038461538461 0.04927884615384615 0.028846153846153848
2 0.2049278846153846 0.6231971153846154 0.04927884615384615 0.03485576923076923
2 0.17728365384615385 0.6526442307692307 0.051682692307692304 0.036057692307692304
2 0.1580528846153846 0.6231971153846154 0.051682692307692304 0.04927884615384615
2 0.047067307692307686 0.6201923076923077 0.054086538461538464 0.04326923076923077
2 0.38822115384615385 0.7493990384615384 0.06009615384615385 0.056490384615384616