2 0.19283919597989949 0.135678391959799 0.12437185929648241 0.1708542713567839
2 0.06030150753768844 0.1721105527638191 0.12060301507537688 0.14824120603015076
2 0.4026381909547739 0.1984924623115578 0.056532663316582916 0.10050251256281408
2 0.32537688442211055 0.38567839195979897 0.05778894472361809 0.10301507537688442
3 0.25125628140703515 0.28391959798994976 0.05527638190954774 0.09045226130653267
2 0.7876884422110553 0.40138190954773867 0.08793969849246232 0.14698492462311558
2 0.6540954773869346 0.4501758793969849 0.11055276381909548 0.0728643216080402
2 0.7487437185929648 0.49246231155778897 0.10050251256281408 0.07035175879396985
2 0.9258793969849246 0.41708542713567837 0.06281407035175879 0.08542713567839195
2 0.3065326633165829 0.07474874371859297 0.08542713567839195 0.13693467336683418
2 0.9811557788944724 0.4585427135678392 0.03768844221105527 0.1884422110552764