2 0.24587458745874588 0.08828382838283828 0.09570957095709572 0.17656765676567657
2 0.5181518151815182 0.06848184818481848 0.11551155115511551 0.13696369636963696
2 0.3778877887788779 0.040429042904290426 0.07920792079207921 0.08085808580858085
2 0.7062706270627063 0.066006600660066 0.08250825082508251 0.132013201320132
2 0.7863036303630363 0.037953795379537955 0.057755775577557754 0.07590759075907591
2 0.8564356435643564 0.06435643564356436 0.0594059405940594 0.12871287128712872
2 0.6847029702970298 0.21318481848184817 0.09051155115511555 0.14623762376237626
2 0.5920957095709571 0.15316831683168325 0.09386138613861385 0.11858085808580851
2 0.5607425742574258 0.3903135313531353 0.09056105610561055 0.14759075907590768
2 0.4821617161716172 0.26534653465346536 0.11158415841584159 0.1417491749174917
2 0.40315181518151816 0.2931848184818482 0.1322277227722772 0.1149504950495049
2 0.28394389438943896 0.3880528052805281 0.09016501650165014 0.17273927392739266
2 0.24084158415841583 0.5468316831683169 0.07409240924092406 0.176963696369637
2 0.21834983498349833 0.7600660066006601 0.10915841584158412 0.23397689768976893
2 0.25630363036303627 0.7953300330033004 0.07615511551155112 0.24514851485148506
2 0.27970297029702973 0.9166666666666666 0.08085808580858085 0.16666666666666666
2 0.297029702970297 0.9777227722772277 0.0462046204620462 0.04455445544554455
2 0.349009900990099 0.9084158415841584 0.07755775577557755 0.18316831683168316
2 0.4034653465346535 0.9356435643564357 0.054455445544554455 0.12871287128712872
2 0.43564356435643564 0.981023102310231 0.0462046204620462 0.037953795379537955
2 0.4796864686468647 0.9251980198019801 0.08146864686468648 0.12183168316831672
2 0.4932838283828383 0.7431518151815182 0.10704620462046205 0.21336633663366328
2 0.3610891089108911 0.6827062706270628 0.08767326732673267 0.06608910891089101
2 0.3683003300330033 0.6191914191419141 0.14914191419141914 0.09079207920792076
2 0.4681353135313531 0.49508250825082506 0.09013201320132014 0.25156765676567666
2 0.5038118811881188 0.4177392739273927 0.0888943894389439 0.11336633663366344
2 0.31508250825082507 0.16925742574257435 0.15658415841584156 0.11117161716171628
0 0.7977227722772277 0.21297029702970297 0.06955445544554452 0.12273927392739273
2 0.3994554455445544 0.4086303630363036 0.08024752475247524 0.14562706270627063
1 0.4009075907590759 0.5146534653465347 0.10084158415841586 0.16537953795379542