2 0.731418918918919 0.08277027027027027 0.09797297297297297 0.16554054054054054
2 0.4527027027027027 0.0625 0.11824324324324324 0.125
2 0.5962837837837838 0.033783783783783786 0.08108108108108109 0.06756756756756757
2 0.26013513513513514 0.059966216216216214 0.08445945945945946 0.11993243243243243
2 0.17820945945945946 0.03125 0.05912162162162162 0.0625
2 0.10641891891891891 0.05827702702702703 0.060810810810810814 0.11655405405405406
2 0.28221283783783785 0.20302364864864864 0.09265202702702706 0.14969594594594596
2 0.37701013513513515 0.14158783783783793 0.09608108108108107 0.12138513513513506
2 0.4091047297297297 0.3843412162162162 0.0927027027027027 0.15108108108108118
2 0.4895439189189189 0.25641891891891894 0.11422297297297299 0.14510135135135133
2 0.5704222972972973 0.2849155405405406 0.13535472972972973 0.11766891891891887
2 0.6924493243243244 0.38202702702702707 0.09229729729729727 0.17682432432432424
2 0.736570945945946 0.5445608108108108 0.07584459459459456 0.18114864864864866
2 0.7595945945945946 0.7628378378378379 0.11173986486486483 0.23951013513513508
2 0.7207432432432432 0.7989358108108109 0.07795608108108104 0.2509459459459459
2 0.6967905405405406 0.918918918918919 0.08277027027027027 0.16216216216216217
2 0.6790540540540541 0.981418918918919 0.0472972972972973 0.037162162162162164
2 0.6258445945945946 0.910472972972973 0.07939189189189189 0.17905405405405406
2 0.5701013513513513 0.9383445945945946 0.05574324324324324 0.12331081081081081
2 0.5371621621621622 0.9847972972972973 0.0472972972972973 0.030405405405405407
2 0.4920777027027027 0.9318749999999999 0.08339527027027027 0.12471283783783771
2 0.4781587837837838 0.7455236486486487 0.10957770270270271 0.21841216216216208
2 0.6134797297297298 0.6836486486486487 0.08974662162162161 0.06765202702702695
2 0.606097972972973 0.6186317567567567 0.1526689189189189 0.09293918918918916
2 0.503902027027027 0.4915878378378378 0.09226351351351351 0.257516891891892
2 0.46738175675675675 0.4124155405405405 0.09099662162162163 0.11604729729729737
2 0.6605743243243243 0.1580574324324325 0.16028716216216213 0.11380067567567578
0 0.1665202702702703 0.20280405405405405 0.07119932432432434 0.12564189189189187
2 0.5742060810810811 0.4030912162162162 0.08214527027027026 0.14907094594594594
1 0.5727195945945946 0.5116216216216216 0.10322635135135137 0.16929054054054057