2 0.736609375 0.8939999999999999 0.090078125 0.171609375
2 0.479015625 0.923046875 0.109171875 0.15390625
2 0.611609375 0.949421875 0.074421875 0.101171875
2 0.30109375 0.925 0.07828125 0.15
2 0.22512500000000002 0.952140625 0.05443750000000001 0.09571874999999999
2 0.158328125 0.926953125 0.055218750000000004 0.14609375
2 0.32042187499999997 0.773140625 0.085703125 0.13846875
2 0.408109375 0.8299687499999999 0.08887500000000001 0.11228125
2 0.437796875 0.605421875 0.08575 0.13974999999999999
2 0.512203125 0.72375 0.10565625000000001 0.13421875
2 0.587015625 0.6973906249999999 0.125203125 0.10884374999999999
2 0.699890625 0.6075625 0.085375 0.1635625
2 0.740703125 0.45721875 0.07015625 0.1675625
2 0.762 0.2553125 0.103359375 0.22154687499999998
2 0.7260625 0.221921875 0.072109375 0.232125
2 0.70496875 0.09325 0.07678125 0.1865
2 0.68875 0.035671875 0.044359375 0.07132812499999999
2 0.63934375 0.10078125 0.07365625 0.2015625
2 0.58778125 0.075390625 0.051765625 0.15078125
2 0.5569375 0.032421875 0.043171875 0.06484375
2 0.514546875 0.098953125 0.07714062499999999 0.115359375
2 0.501671875 0.27132812500000003 0.101359375 0.20203125000000002
2 0.62684375 0.3285625 0.08301562500000001 0.062578125
2 0.620015625 0.38870312500000004 0.14121875 0.08596875000000001
2 0.525484375 0.50621875 0.08534375 0.238203125
2 0.491703125 0.579453125 0.084171875 0.10734375
2 0.67040625 0.8147343749999999 0.148265625 0.105265625
0 0.21340625000000002 0.77334375 0.065859375 0.11621875
2 0.590515625 0.588078125 0.075984375 0.137890625
1 0.589140625 0.4876875 0.095484375 0.15659375