3 0.09308064516129039 0.4279032258064516 0.11706451612903214 0.395016129032258
3 0.22822580645161292 0.13225806451612904 0.20161290322580644 0.2645161290322581
3 0.2767258064516129 0.5551935483870968 0.16070967741935482 0.18216129032258074
3 0.8779032258064515 0.12432258064516136 0.1288870967741937 0.17151612903225802
3 0.49587096774193545 0.23512903225806447 0.10301612903225807 0.1098064516129033
3 0.46280645161290324 0.7650645161290323 0.15017741935483872 0.16987096774193539
3 0.3684677419354839 0.1614032258064517 0.10340322580645163 0.17798387096774188
3 0.0880322580645162 0.19280645161290325 0.08977419354838723 0.11061290322580651
3 0.6416129032258064 0.2841129032258064 0.108241935483871 0.14403225806451606
3 0.7508870967741935 0.43167741935483867 0.07677419354838713 0.09308064516129039
3 0.9303064516129032 0.24462903225806454 0.10174193548387085 0.05104838709677416