3 0.8988730158730158 0.43222222222222223 0.11520634920634909 0.3887460317460317
3 0.7658730158730159 0.1357142857142857 0.1984126984126984 0.2714285714285714
3 0.7181428571428572 0.5574920634920635 0.15815873015873014 0.17926984126984136
3 0.1265079365079365 0.13346031746031753 0.12684126984126984 0.16879365079365075
3 0.5024761904761905 0.24250793650793648 0.10138095238095239 0.10806349206349213
3 0.5350158730158731 0.7640317460317461 0.1477936507936508 0.1671746031746031
3 0.6278571428571429 0.16995238095238102 0.10176190476190479 0.1751587301587301
3 0.9038412698412698 0.2008571428571429 0.08834920634920648 0.10885714285714292
3 0.359047619047619 0.2907142857142857 0.10652380952380955 0.14174603174603168
3 0.2515079365079365 0.4359365079365079 0.0755555555555556 0.09160317460317466
3 0.07493650793650794 0.2518571428571429 0.10012698412698412 0.0502380952380952