1 0.14298412698412705 0.6473650793650794 0.08465079365079353 0.1248730158730158
3 0.09358730158730165 0.5642539682539682 0.07446031746031759 0.06580952380952387
3 0.7282539682539683 0.6703492063492064 0.18268253968253972 0.22484126984126981
3 0.15626984126984134 0.4501904761904762 0.1522222222222223 0.11942857142857144
3 0.6750793650793651 0.5144444444444445 0.1620634920634921 0.21619047619047627
3 0.4636031746031746 0.6314920634920634 0.12596825396825398 0.14076190476190467
3 0.4766984126984127 0.2917142857142857 0.10773015873015873 0.11595238095238097
3 0.2604285714285714 0.10826984126984127 0.2613333333333333 0.19933333333333336
3 0.833015873015873 0.43076190476190473 0.06176190476190489 0.0885079365079365
1 0.9234761904761905 0.4367142857142857 0.05225396825396837 0.07342857142857141
3 0.95 0.8714285714285714 0.1 0.2571428571428571
3 0.7707142857142857 0.3297936507936508 0.08317460317460314 0.0492857142857143
3 0.587 0.6203809523809524 0.09700000000000002 0.15028571428571422
3 0.41598412698412696 0.5382698412698413 0.04861904761904761 0.12096825396825403
3 0.5362063492063492 0.470031746031746 0.0747936507936508 0.1114920634920635