3 0.8973281249999999 0.5589062499999999 0.11340625 0.382671875
3 0.7676406250000001 0.85859375 0.194671875 0.2828125
3 0.719421875 0.43559374999999995 0.1556875 0.17646875
3 0.13703125 0.853 0.124859375 0.16615625
3 0.507125 0.74565625 0.099796875 0.106375
3 0.53915625 0.23228125 0.145484375 0.1645625
3 0.6305468750000001 0.8170781249999999 0.100171875 0.172421875
3 0.90221875 0.78665625 0.08696875 0.10715625
3 0.36593749999999997 0.698203125 0.104859375 0.13953125
3 0.260078125 0.55525 0.074375 0.090171875
3 0.086265625 0.7364531249999999 0.0985625 0.049453125