1 0.849527027027027 0.6264189189189189 0.09008445945945934 0.13288851351351344
3 0.9020945945945945 0.537972972972973 0.079239864864865 0.07003378378378385
3 0.22668918918918918 0.6508783783783784 0.19440878378378385 0.2392736486486486
3 0.8353885135135134 0.41658783783783787 0.1619932432432434 0.1270945945945946
3 0.283277027027027 0.4849662162162163 0.17246621621621624 0.23006756756756763
3 0.5083277027027027 0.609527027027027 0.13405405405405407 0.1497972972972972
3 0.4943918918918919 0.2479391891891892 0.11464527027027027 0.1233952702702703
3 0.7238175675675675 0.07939189189189189 0.27871621621621623 0.15878378378378377
3 0.1152027027027027 0.39591216216216213 0.06572635135135134 0.09418918918918917
1 0.022804054054054054 0.40202702702702703 0.04560810810810811 0.0777027027027027
3 0.02195945945945946 0.8640202702702703 0.04391891891891892 0.2719594594594595
3 0.18150337837837835 0.2884628378378379 0.08851351351351347 0.052449324324324344
3 0.37701013513513515 0.5977027027027026 0.10322635135135137 0.15993243243243235
3 0.5590033783783784 0.510320945945946 0.05173986486486486 0.12873310810810817
3 0.4310641891891892 0.43770270270270273 0.0795945945945946 0.11864864864864866