1 0.8545624999999999 0.6497499999999999 0.083328125 0.122921875
3 0.9031874999999999 0.5679375 0.073296875 0.06478125
3 0.2784375 0.672375 0.179828125 0.22132812500000001
3 0.841484375 0.45565625 0.14984375 0.11756249999999999
3 0.33078124999999997 0.51890625 0.15953124999999999 0.2128125
3 0.538953125 0.6341249999999999 0.124 0.1385625
3 0.5260625 0.29965625 0.10604687500000001 0.114140625
3 0.738953125 0.11907812499999999 0.25725 0.19621875
3 0.1753125 0.43653125 0.06079687499999999 0.087125
1 0.086265625 0.442390625 0.051437500000000004 0.07228124999999999
3 0.05487499999999999 0.872265625 0.109765625 0.25546875
3 0.236640625 0.337140625 0.081875 0.048515625
3 0.417484375 0.6231875 0.095484375 0.1479375
3 0.585828125 0.542359375 0.047859374999999996 0.11907812499999999
3 0.467484375 0.4751875 0.073625 0.10974999999999999