2 0.09092105263157897 0.5125 0.163421052631579 0.08110526315789472
1 0.03289473684210526 0.6013157894736842 0.06578947368421052 0.060526315789473685
2 0.14178947368421052 0.731078947368421 0.1774473684210528 0.10010526315789464
2 0.06615789473684207 0.6983947368421052 0.07471052631578944 0.11960526315789485
2 0.7200263157894737 0.6131578947368421 0.17165789473684215 0.11668421052631588
2 0.7154473684210526 0.7240526315789473 0.1629736842105265 0.07178947368421046
2 0.47007894736842104 0.9242105263157895 0.08265789473684217 0.10631578947368416
2 0.5038421052631579 0.6646315789473685 0.11163157894736846 0.07839473684210517
2 0.17073684210526316 0.5852631578947368 0.13007894736842093 0.12142105263157892
2 0.42773684210526314 0.46534210526315795 0.17039473684210527 0.14034210526315785
2 0.21634210526315784 0.30926315789473685 0.10902631578947355 0.04921052631578944
2 0.4185526315789474 0.22002631578947368 0.13747368421052633 0.119
2 0.3225 0.2570789473684211 0.07518421052631592 0.10099999999999999
2 0.7704736842105262 0.18889473684210525 0.1444473684210526 0.10057894736842105
1 0.6832105263157895 0.10910526315789473 0.0949736842105264 0.06381578947368421
2 0.6511842105263158 0.3533157894736842 0.13268421052631568 0.19257894736842107
2 0.5762105263157895 0.38752631578947366 0.09847368421052635 0.12065789473684216
2 0.4974736842105263 0.5832894736842106 0.08486842105263158 0.10431578947368418
2 0.8827368421052632 0.4616315789473684 0.1549736842105263 0.11973684210526316
2 0.9486842105263158 0.5302631578947369 0.10263157894736842 0.15526315789473685
2 0.9618421052631579 0.40789473684210525 0.07631578947368421 0.1
2 0.8564473684210526 0.3658157894736842 0.14326315789473668 0.12547368421052632
2 0.8057894736842105 0.25773684210526315 0.14018421052631574 0.07160526315789476
2 0.9710526315789474 0.12368421052631579 0.05789473684210526 0.12105263157894737
2 0.21834210526315798 0.8113157894736842 0.1650789473684211 0.10418421052631588
2 0.45581578947368423 0.09176315789473684 0.05765789473684217 0.08794736842105264
2 0.5312368421052631 0.1205 0.06821052631578951 0.06905263157894735
2 0.41897368421052633 0.5953421052631579 0.10326315789473686 0.12228947368421045
2 0.2621842105263158 0.596657894736842 0.07736842105263152 0.10913157894736834
2 0.27668421052631575 0.6995263157894737 0.2150789473684211 0.07902631578947361
2 0.6139210526315789 0.5337368421052632 0.040578947368421096 0.13678947368421057
2 0.3882631578947368 0.3691052631578947 0.10900000000000004 0.06628947368421052
2 0.975 0.28157894736842104 0.05 0.08947368421052632
2 0.6457105263157895 0.20444736842105263 0.08878947368421056 0.08347368421052631
2 0.5049210526315789 0.2024736842105263 0.07915789473684207 0.08392105263157891
2 0.3605263157894737 0.9815789473684211 0.05263157894736842 0.03684210526315789
2 0.6869473684210526 0.5100789473684211 0.05684210526315796 0.10697368421052626
2 0.301421052631579 0.35157894736842105 0.11426315789473673 0.05647368421052626
2 0.7853947368421053 0.34392105263157896 0.11813157894736838 0.11128947368421058
3 0.5689736842105263 0.5999473684210526 0.06644736842105263 0.10255263157894728
2 0.1935526315789474 0.3963157894736842 0.08447368421052638 0.11789473684210529