2 0.5206084656084656 0.5504497354497354 0.09370370370370375 0.2084656084656085
2 0.8823544973544973 0.773915343915344 0.06100529100529086 0.24449735449735438
2 0.5717460317460318 0.8537037037037036 0.13203703703703695 0.1906878306878308
3 0.4033333333333334 0.7164021164021165 0.0597619047619047 0.14798941798941784
2 0.2305026455026455 0.5958465608465608 0.1021164021164021 0.13174603174603178
3 0.5767195767195767 0.9629629629629629 0.10052910052910052 0.07407407407407407
3 0.4695767195767196 0.8902116402116402 0.12433862433862433 0.21957671957671956
3 0.21428571428571427 0.9563492063492064 0.06349206349206349 0.0873015873015873
3 0.08656084656084656 0.4237301587301587 0.08317460317460316 0.1093650793650793
3 0.10441798941798941 0.6873280423280423 0.06507936507936507 0.058068783068783186
3 0.0828042328042328 0.7871693121693122 0.04481481481481481 0.09108465608465595
3 0.0803968253968254 0.5938624338624339 0.0532010582010582 0.07224867724867726