2 0.8472355769230769 0.5042067307692307 0.14927884615384615 0.07408653846153847
1 0.9209375000000001 0.5871153846153846 0.09802884615384616 0.055625
2 0.8007692307692308 0.7038701923076923 0.16209134615384618 0.09144230769230768
2 0.8698557692307692 0.674014423076923 0.06824519230769231 0.10925480769230769
2 0.2725721153846154 0.5961538461538461 0.15680288461538464 0.10658653846153847
2 0.2767548076923077 0.697451923076923 0.1488701923076923 0.06557692307692307
2 0.5008894230769231 0.8802884615384615 0.07550480769230769 0.09711538461538462
2 0.47004807692307693 0.6431730769230769 0.10197115384615385 0.07161057692307692
2 0.7743269230769231 0.5706730769230769 0.11882211538461539 0.11091346153846154
2 0.5395673076923078 0.4611298076923077 0.15564903846153846 0.12819711538461537
2 0.7326682692307693 0.3185576923076923 0.09959134615384616 0.04495192307692308
2 0.5479567307692308 0.23704326923076924 0.12557692307692309 0.10870192307692307
2 0.6356971153846154 0.2708894230769231 0.06867788461538461 0.09225961538461538
2 0.22649038461538462 0.20860576923076923 0.1319471153846154 0.091875
1 0.30620192307692307 0.13572115384615385 0.0867548076923077 0.05829326923076923
2 0.33545673076923077 0.3587980769230769 0.12120192307692308 0.17591346153846155
2 0.40394230769230766 0.3900480769230769 0.08995192307692308 0.11021634615384615
2 0.47586538461538463 0.5688701923076923 0.07752403846153846 0.09528846153846154
2 0.1239423076923077 0.4577403846153846 0.1415625 0.109375
2 0.05629807692307693 0.5214423076923077 0.11257211538461538 0.1398076923076923
2 0.04326923076923077 0.4096634615384615 0.08653846153846154 0.09016826923076923
2 0.14795673076923077 0.37021634615384613 0.1308653846153846 0.11461538461538462
2 0.19423076923076923 0.2714903846153846 0.1280528846153846 0.06540865384615385
2 0.036201923076923076 0.15052884615384615 0.0686298076923077 0.11194711538461538
2 0.7308413461538461 0.7771634615384616 0.15079326923076922 0.09516826923076924
2 0.5139182692307692 0.11987980769230769 0.052668269230769234 0.08033653846153846
2 0.44502403846153843 0.14612980769230768 0.062307692307692314 0.06307692307692307
2 0.5475721153846154 0.5798798076923076 0.09432692307692309 0.11170673076923077
2 0.6907932692307692 0.5810817307692308 0.07067307692307692 0.0996875
2 0.677548076923077 0.6750480769230769 0.19646634615384617 0.0721875
2 0.36949519230769234 0.5236057692307692 0.03706730769230769 0.12495192307692307
2 0.575625 0.37322115384615384 0.09956730769230769 0.06055288461538462
2 0.03225961538461539 0.29471153846153847 0.06449519230769231 0.07983173076923077
2 0.3404567307692308 0.2228125 0.08110576923076923 0.07625
2 0.4690625 0.2210096153846154 0.07230769230769231 0.07665865384615385
2 0.6012500000000001 0.9579326923076923 0.04829326923076923 0.08413461538461539
2 0.3027884615384615 0.5019951923076923 0.051923076923076926 0.09771634615384615
2 0.6549519230769231 0.35721153846153847 0.10437500000000001 0.05158653846153846
2 0.21286057692307692 0.35021634615384617 0.10790865384615385 0.10165865384615384
3 0.4105528846153846 0.5840865384615385 0.060697115384615384 0.09367788461538461
2 0.7534855769230769 0.39807692307692305 0.07716346153846154 0.10769230769230768