2 0.5427644230769231 0.5458413461538462 0.08514423076923078 0.18942307692307692
2 0.8714663461538461 0.7488942307692308 0.05543269230769231 0.22216346153846153
2 0.5892307692307692 0.8213942307692308 0.11997596153846153 0.17326923076923076
3 0.43620192307692307 0.6966346153846155 0.054302884615384614 0.13447115384615385
2 0.27915865384615385 0.5870913461538462 0.09278846153846154 0.11971153846153845
3 0.5948557692307692 0.9443990384615385 0.09314903846153846 0.11120192307692307
3 0.49709134615384615 0.8622596153846154 0.11197115384615385 0.21326923076923077
3 0.2659375 0.9303605769230768 0.058317307692307696 0.10911057692307692
3 0.14836538461538462 0.43069711538461536 0.07557692307692308 0.099375
3 0.16459134615384616 0.6702163461538462 0.05913461538461539 0.05276442307692308
3 0.14495192307692306 0.7609375 0.04072115384615385 0.08276442307692308
3 0.14276442307692308 0.5852884615384615 0.04834134615384615 0.06564903846153845