2 0.13928571428571432 0.5030788177339901 0.1529556650246306 0.07591133004926107
1 0.0637684729064039 0.41812807881773395 0.10044334975369451 0.05699507389162558
2 0.1868965517241379 0.2984975369458128 0.16608374384236468 0.09369458128078809
2 0.11610837438423642 0.32908866995073893 0.0699261083743842 0.11194581280788189
2 0.7281034482758622 0.4088669950738916 0.1606650246305419 0.1092118226600986
2 0.7238177339901478 0.3050738916256158 0.15253694581280805 0.06719211822660091
2 0.4941625615763547 0.11773399014778328 0.0773645320197045 0.09950738916256152
2 0.5257635467980296 0.3606896551724138 0.10448275862068969 0.07337438423645311
2 0.21399014778325123 0.4349753694581281 0.12174876847290628 0.1136453201970443
2 0.45453201970443347 0.5472167487684729 0.15948275862068967 0.13135467980295562
2 0.25667487684729057 0.6933004926108375 0.10204433497536934 0.04605911330049272
2 0.44593596059113305 0.7768226600985222 0.12866995073891627 0.11137931034482765
2 0.3560344827586207 0.7421428571428571 0.07036945812807895 0.09453201970443349
2 0.7753201970443349 0.805960591133005 0.13519704433497534 0.09413793103448283
1 0.6936453201970444 0.88064039408867 0.08889162561576362 0.05972906403940887
2 0.6636699507389162 0.6520689655172414 0.1241871921182265 0.18024630541871936
2 0.5934975369458129 0.6200492610837439 0.0921674876847291 0.11293103448275868
2 0.5198029556650247 0.43682266009852216 0.07943349753694581 0.09763546798029553
2 0.8803940886699507 0.5506896551724139 0.1450492610837438 0.11206896551724138
2 0.9470443349753694 0.48645320197044334 0.10591133004926108 0.14532019704433496
2 0.9593596059113301 0.6009852216748769 0.0812807881773399 0.09359605911330049
2 0.8557881773399014 0.6403694581280789 0.13408866995073876 0.11743842364532035
2 0.8083743842364531 0.7415270935960592 0.1312068965517241 0.06701970443349763
2 0.9679802955665024 0.8669950738916257 0.06403940886699508 0.11330049261083744
2 0.2585467980295567 0.2233990147783251 0.15450738916256163 0.09751231527093604
2 0.48081280788177344 0.896871921182266 0.05396551724137937 0.08231527093596049
2 0.5514039408866995 0.869975369458128 0.06384236453201975 0.0646305418719212
2 0.44633004926108377 0.4255418719211823 0.09665024630541874 0.11445812807881767
2 0.2995812807881773 0.4243103448275862 0.07241379310344823 0.10214285714285708
2 0.3131527093596059 0.3280295566502463 0.20130541871921187 0.07396551724137924
2 0.6287931034482759 0.4832019704433498 0.0379802955665025 0.12802955665024635
2 0.4175862068965517 0.6372906403940887 0.10201970443349757 0.06204433497536959
2 0.9716748768472906 0.7192118226600985 0.05665024630541872 0.08374384236453201
2 0.6585467980295566 0.7914039408866995 0.0831034482758621 0.07812807881773405
2 0.5267733990147784 0.7932512315270936 0.07408866995073887 0.07854679802955662
2 0.3916256157635468 0.04064039408866995 0.04926108374384237 0.0812807881773399
2 0.6971428571428572 0.5053448275862069 0.05320197044334981 0.10012315270935955
2 0.3363054187192119 0.6536945812807882 0.10694581280788168 0.05285714285714295
2 0.7892857142857143 0.6608620689655172 0.11056650246305415 0.10416256157635459
3 0.5867241379310345 0.42123152709359607 0.062192118226600986 0.09598522167487678
2 0.23534482758620692 0.6118226600985222 0.07906403940886705 0.11034482758620692