2 0.5489851485148515 0.45774752475247527 0.08767326732673271 0.19504950495049495
2 0.8874504950495049 0.2486633663366336 0.05707920792079194 0.22876237623762366
2 0.5968316831683168 0.17400990099009903 0.12353960396039596 0.17841584158415852
3 0.43925742574257426 0.30247524752475247 0.055915841584158354 0.1384653465346533
2 0.277549504950495 0.4152722772277228 0.0955445544554456 0.1232673267326733
3 0.6014851485148515 0.053217821782178217 0.09405940594059406 0.10643564356435643
3 0.5019554455445544 0.13193069306930696 0.11529702970297026 0.21960396039603966
3 0.26393564356435645 0.061806930693069376 0.060049504950495027 0.11235148514851481
3 0.14287128712871286 0.5763118811881188 0.07782178217821782 0.10232673267326726
3 0.15957920792079208 0.3296782178217822 0.060891089108910876 0.05433168316831694
3 0.13935643564356434 0.23626237623762372 0.041930693069306926 0.0852227722772276
3 0.13710396039603961 0.41712871287128717 0.04977722772277224 0.0675990099009901