2 0.6611217948717948 0.7899358974358974 0.262179487179487 0.36592948717948726
2 0.5913461538461539 0.9214743589743589 0.13782051282051283 0.15705128205128205
2 0.7932692307692307 0.967948717948718 0.060897435897435896 0.0641025641025641
2 0.8494230769230768 0.821602564102564 0.16250000000000014 0.10076923076923094
2 0.8246153846153845 0.6659935897435897 0.2121794871794873 0.14608974358974353
2 0.3554807692307692 0.5310256410256411 0.17810897435897433 0.14057692307692313
2 0.07532051282051282 0.3942307692307692 0.15064102564102563 0.10256410256410256
2 0.07003205128205135 0.24269230769230768 0.13368589743589757 0.22775641025641027
2 0.11057692307692307 0.0641025641025641 0.22115384615384615 0.1282051282051282
2 0.6441025641025642 0.11967948717948719 0.11355769230769233 0.17846153846153848
2 0.5717948717948718 0.23945512820512818 0.13958333333333336 0.11830128205128204
2 0.4333974358974359 0.11926282051282051 0.07711538461538463 0.15041666666666664
2 0.3719230769230769 0.09625 0.09192307692307694 0.16445512820512823
2 0.6583333333333333 0.2915384615384615 0.11714743589743594 0.1332692307692308
2 0.9038461538461539 0.46634615384615385 0.19230769230769232 0.11217948717948718
2 0.7899358974358973 0.5702884615384616 0.14926282051282067 0.13894230769230775
2 0.6733653846153846 0.5240064102564103 0.07314102564102562 0.19304487179487184
2 0.5974358974358974 0.5370192307692309 0.12 0.21506410256410263
2 0.5179166666666667 0.4132692307692308 0.14801282051282053 0.14544871794871794
2 0.4716666666666667 0.30993589743589745 0.1316025641025641 0.11506410256410259
2 0.7633012820512821 0.3359615384615384 0.15397435897435904 0.07900641025641028
3 0.9711538461538461 0.16666666666666666 0.057692307692307696 0.07051282051282051
3 0.44721153846153844 0.6836217948717949 0.1548397435897436 0.1172435897435897
3 0.9455128205128205 0.9535256410256411 0.10897435897435898 0.09294871794871795
2 0.22826923076923075 0.2292307692307692 0.13445512820512817 0.13874999999999998
2 0.3029807692307692 0.3826282051282051 0.17089743589743586 0.23237179487179488
2 0.49727564102564104 0.5124038461538462 0.11878205128205128 0.1874358974358975
2 0.27615384615384614 0.1425320512820513 0.12522435897435896 0.10714743589743592
3 0.2621474358974359 0.052788461538461534 0.07314102564102562 0.08157051282051284