2 0.335718954248366 0.7760130718954249 0.26732026143790844 0.37310457516339873
2 0.4068627450980392 0.9150326797385621 0.14052287581699346 0.16993464052287582
2 0.20098039215686275 0.9624183006535948 0.06209150326797386 0.07516339869281045
2 0.14372549019607841 0.8083006535947712 0.16568627450980394 0.10274509803921586
2 0.16901960784313724 0.649640522875817 0.2163398692810457 0.148954248366013
2 0.6473529411764706 0.5120261437908497 0.18160130718954245 0.14333333333333337
2 0.9281045751633987 0.37254901960784315 0.1437908496732026 0.10457516339869281
2 0.934640522875817 0.2173202614379085 0.13071895424836602 0.23202614379084968
2 0.8921568627450981 0.05065359477124183 0.21568627450980393 0.10130718954248366
2 0.35307189542483663 0.09261437908496734 0.11578431372549022 0.1819607843137255
2 0.426797385620915 0.21473856209150324 0.14232026143790855 0.12062091503267973
2 0.5679084967320261 0.09218954248366014 0.07862745098039216 0.1533660130718954
2 0.6290849673202614 0.07516339869281045 0.09477124183006536 0.1503267973856209
2 0.33856209150326794 0.26784313725490194 0.11944444444444448 0.1358823529411765
2 0.09313725490196079 0.44607843137254904 0.18627450980392157 0.11437908496732026
2 0.20437908496732027 0.5520588235294118 0.1521895424836601 0.14166666666666675
2 0.32323529411764707 0.5048692810457517 0.07457516339869279 0.1968300653594772
2 0.4006535947712418 0.5181372549019608 0.12235294117647058 0.21928104575163407
2 0.48173202614379085 0.3919607843137255 0.15091503267973858 0.14830065359477124
2 0.5288888888888889 0.2866013071895425 0.13418300653594772 0.11732026143790851
2 0.23153594771241828 0.31313725490196076 0.15699346405228756 0.08055555555555557
3 0.024509803921568627 0.14052287581699346 0.049019607843137254 0.0718954248366013
3 0.5538235294117647 0.6676143790849673 0.15787581699346406 0.11954248366013066
3 0.05065359477124183 0.9477124183006536 0.10130718954248366 0.10457516339869281
2 0.7770588235294118 0.20431372549019605 0.1370915032679738 0.1414705882352941
2 0.7008823529411765 0.360718954248366 0.17424836601307186 0.2369281045751634
2 0.5027777777777778 0.4930392156862745 0.12111111111111111 0.19111111111111118
2 0.7282352941176471 0.11591503267973856 0.12767973856209147 0.10924836601307192
3 0.7401960784313726 0.032679738562091505 0.07516339869281045 0.06535947712418301