2 0.33353125 0.7764375 0.255625 0.35678125
2 0.40225 0.91525 0.13374999999999998 0.16953125
2 0.20656249999999998 0.96015625 0.060781249999999995 0.0796875
2 0.1499375 0.8073124999999999 0.1584375 0.09825
2 0.174125 0.65559375 0.206875 0.1424375
2 0.63153125 0.524 0.17365625 0.1370625
2 0.91621875 0.39121875 0.1675625 0.09962499999999999
2 0.90984375 0.242875 0.13034375 0.2220625
2 0.88203125 0.06984375000000001 0.2359375 0.12715625
2 0.350125 0.1229375 0.11071875 0.174
2 0.42062499999999997 0.23971874999999998 0.13609374999999999 0.11534375
2 0.5555625 0.12253125000000001 0.07518749999999999 0.14665625
2 0.6155 0.10009375000000001 0.089625 0.16034375
2 0.33625 0.2905 0.11421875 0.12993749999999998
2 0.09590625 0.4613125 0.19178125 0.109375
2 0.20793750000000003 0.5622812500000001 0.14553125 0.13546875
2 0.32159375 0.51715625 0.0713125 0.18821875
2 0.395625 0.5298437500000001 0.11699999999999999 0.20968749999999997
2 0.47315625 0.4091875 0.1443125 0.1418125
2 0.51825 0.30843750000000003 0.1283125 0.1121875
2 0.23390624999999998 0.33381249999999996 0.150125 0.07703125
3 0.03046875 0.16940625 0.0609375 0.06853125
3 0.54209375 0.67278125 0.15096875 0.1143125
3 0.05487499999999999 0.9465 0.10974999999999999 0.10703125
2 0.7555625 0.22974999999999998 0.13109375 0.13528125
2 0.68271875 0.3793125 0.166625 0.2265625
2 0.49328125 0.50584375 0.11581250000000001 0.18275
2 0.708875 0.14521875 0.12209375 0.10446875
3 0.7225312500000001 0.05771875 0.0713125 0.07953125