3 0.5340102389078498 0.31580204778156995 0.166160409556314 0.2327474402730375
2 0.3409897610921502 0.09614334470989766 0.08129692832764503 0.16865187713310578
1 0.6191126279863481 0.6652901023890785 0.09148464163822528 0.05167235494880541
2 0.17419795221843004 0.14880546075085332 0.12430034129692834 0.1614163822525597
1 0.9104778156996587 0.3010580204778157 0.06810580204778172 0.0702389078498293
2 0.3657337883959044 0.2490273037542662 0.09663822525597268 0.0548634812286689
3 0.18677474402730374 0.6552730375426621 0.09283276450511942 0.08279863481228666
3 0.45083617747440274 0.47614334470989755 0.08341296928327645 0.06564846416382257
3 0.5352901023890785 0.4541638225255972 0.08168941979522185 0.06264505119453931
1 0.16651877133105802 0.8463310580204778 0.0651023890784983 0.041962457337884014
3 0.6221160409556314 0.8766211604095564 0.037730375426621186 0.07525597269624558
3 0.9121843003412968 0.8985836177474401 0.08887372013651865 0.061194539249146584
3 0.8326279863481229 0.8456996587030717 0.06713310580204783 0.0645733788395903
3 0.30878839590443685 0.8680887372013651 0.04332764505119452 0.05819112627986352
3 0.6726621160409556 0.269283276450512 0.08336177474402734 0.09539249146757675
0 0.717235494880546 0.1748122866894199 0.10000000000000003 0.08382252559726963
2 0.8492662116040955 0.28592150170648467 0.08846416382252546 0.05701365187713305
3 0.9880546075085325 0.7363481228668942 0.023890784982935155 0.04607508532423208
2 0.7505119453924914 0.7126279863481229 0.047098976109215054 0.057679180887371936
3 0.49156996587030716 0.8047440273037544 0.032627986348122875 0.044078498293515234
3 0.005119453924914676 0.6228668941979523 0.010238907849829351 0.09215017064846416
3 0.6387542662116041 0.3445563139931741 0.039914675767918066 0.06854948805460744
3 0.11981228668941979 0.4919112627986348 0.03568259385665529 0.0426279863481229
3 0.6528156996587031 0.5595221843003413 0.04796928327645054 0.06527303754266212
3 0.422901023890785 0.7331058020477816 0.05738907849829351 0.06791808873720129
3 0.529334470989761 0.7791638225255973 0.06675767918088737 0.06112627986348112
1 0.7391979522184301 0.8602047781569967 0.04581911262798639 0.05264505119453909
3 0.4301535836177474 0.1726791808873721 0.07313993174061435 0.07955631399317407
2 0.8631399317406142 0.35329351535836173 0.06895904436860083 0.03827645051194531
1 0.24052901023890783 0.2677986348122867 0.05563139931740618 0.0685153583617747
3 0.07650170648464164 0.5085494880546075 0.038105802047781565 0.05201365187713314
3 0.46726962457337884 0.921825938566553 0.055238907849829356 0.046279863481228485
3 0.03754266211604096 0.7994880546075085 0.07508532423208192 0.10409556313993173
3 0.031569965870307165 0.3779863481228669 0.06313993174061433 0.08703071672354949
3 0.09868600682593856 0.30000000000000004 0.06199658703071675 0.06810580204778152
3 0.24692832764505118 0.39361774744027306 0.06843003412969287 0.08138225255972686
3 0.9254095563139931 0.508976109215017 0.1150341296928329 0.11087030716723555
3 0.9436860068259386 0.6578498293515358 0.11262798634812286 0.07337883959044368
3 0.3473890784982935 0.6776450511945393 0.07143344709897613 0.05593856655290098
1 0.528259385665529 0.6119795221843003 0.04755972696245735 0.05421501706484638
3 0.36424914675767917 0.5633617747440273 0.06418088737201368 0.04906143344709898
3 0.005972696245733789 0.15358361774744028 0.011945392491467578 0.11945392491467577
2 0.04522184300341297 0.26535836177474403 0.09044368600682594 0.10409556313993173