3 0.4773951048951049 0.23961538461538462 0.17022727272727273 0.23844405594405593
2 0.6756993006993007 0.050699300699300696 0.08216783216783216 0.10139860139860139
1 0.3902097902097902 0.5976573426573427 0.09372377622377624 0.05293706293706289
2 0.847027972027972 0.07604895104895106 0.12762237762237763 0.1520979020979021
1 0.09171328671328678 0.22451048951048955 0.06977272727272732 0.0719580419580419
2 0.6497902097902098 0.17120629370629373 0.09900349650349649 0.05620629370629367
3 0.8331293706293706 0.5873951048951049 0.09510489510489506 0.08482517482517479
3 0.5626048951048951 0.40388111888111883 0.08545454545454545 0.0672552447552448
3 0.4760839160839161 0.38136363636363635 0.08368881118881119 0.06417832167832174
1 0.853881118881119 0.7831293706293706 0.06669580419580416 0.042989510489510545
3 0.38713286713286715 0.8141608391608391 0.03865384615384618 0.07709790209790214
3 0.08996503496503502 0.8366608391608391 0.09104895104895103 0.06269230769230771
3 0.17146853146853144 0.7824825174825175 0.06877622377622383 0.06615384615384622
3 0.7081293706293706 0.8054195804195804 0.04438811188811186 0.05961538461538465
3 0.33534965034965036 0.19195804195804198 0.08540209790209795 0.09772727272727269
0 0.28968531468531467 0.09517482517482527 0.10244755244755249 0.08587412587412578
2 0.154423076923077 0.20900349650349653 0.09062937062937068 0.058409090909090855
3 0.012237762237762238 0.6704545454545454 0.024475524475524476 0.0472027972027972
2 0.25559440559440555 0.6461538461538462 0.04825174825174829 0.05909090909090901
3 0.5208741258741258 0.7405244755244756 0.03342657342657344 0.04515734265734253
3 0.37008741258741257 0.26907342657342664 0.04089160839160837 0.07022727272727265
3 0.9017307692307691 0.420034965034965 0.0365559440559442 0.0436713286713287
3 0.35568181818181815 0.4893006993006993 0.049143356643356666 0.06687062937062938
3 0.5912237762237762 0.6671328671328671 0.05879370629370628 0.0695804195804195
3 0.48218531468531467 0.7143181818181819 0.0683916083916084 0.06262237762237752
1 0.26718531468531465 0.7973426573426574 0.04694055944055948 0.05393356643356648
3 0.5837937062937063 0.09298951048951058 0.07493006993006995 0.0815034965034964
2 0.1402097902097903 0.27802447552447546 0.07064685314685319 0.039213286713286624
1 0.7780594405594405 0.19043706293706295 0.05699300699300703 0.07019230769230765
3 0.9461013986013985 0.43708041958041954 0.03903846153846141 0.05328671328671332
3 0.5457692307692308 0.8604720279720279 0.0565909090909091 0.04741258741258742
3 0.9737762237762237 0.7351398601398601 0.05244755244755245 0.10664335664335664
3 0.9798951048951049 0.30332167832167833 0.04020979020979021 0.08916083916083917
3 0.9233741258741258 0.22342657342657343 0.06351398601398589 0.06977272727272722
3 0.7715034965034965 0.3193356643356644 0.07010489510489515 0.08337412587412577
3 0.07641608391608398 0.4375174825174825 0.11784965034965039 0.11358391608391613
3 0.057692307692307696 0.590034965034965 0.11538461538461539 0.07517482517482517
3 0.6685839160839161 0.6103146853146854 0.07318181818181821 0.05730769230769226
1 0.4832867132867133 0.5430419580419581 0.04872377622377623 0.05554195804195801
3 0.6513111888111889 0.4932342657342657 0.06575174825174827 0.05026223776223776
2 0.9659090909090909 0.18793706293706294 0.06818181818181818 0.10664335664335664