2 0.11229946524064172 0.5681818181818182 0.22459893048128343 0.15775401069518716
2 0.36764705882352944 0.6684491978609626 0.22192513368983957 0.08021390374331551
2 0.8409090909090909 0.7874331550802139 0.06684491978609626 0.17379679144385027
2 0.5909090909090909 0.8235294117647058 0.26737967914438504 0.11764705882352941
1 0.013368983957219251 0.8863636363636364 0.026737967914438502 0.14705882352941177
2 0.5975935828877005 0.9037433155080213 0.08288770053475936 0.13903743315508021
2 0.35294117647058826 0.9077540106951871 0.20320855614973263 0.10962566844919786
2 0.2855347593582888 0.807379679144385 0.2555882352941177 0.1379144385026739
2 0.7072192513368984 0.9331550802139037 0.14171122994652408 0.13368983957219252
2 0.916951871657754 0.6227272727272727 0.13695187165775408 0.07609625668449192
2 0.932566844919786 0.5429679144385027 0.12596256684491983 0.06812834224598935
2 0.7741443850267379 0.6645989304812834 0.06967914438502659 0.07072192513368997
2 0.7625668449197861 0.591524064171123 0.06433155080213919 0.06719251336898395