2 0.8233173076923077 0.5925480769230769 0.22355769230769232 0.14182692307692307
2 0.5829326923076923 0.6826923076923077 0.19951923076923078 0.07211538461538461
2 0.15745192307692307 0.7896634615384616 0.06009615384615385 0.15625
2 0.38221153846153844 0.8221153846153846 0.2403846153846154 0.10576923076923077
1 0.9435096153846154 0.8786057692307693 0.10817307692307693 0.13221153846153846
2 0.3762019230769231 0.8942307692307693 0.07451923076923077 0.125
2 0.5961538461538461 0.8978365384615384 0.18269230769230768 0.0985576923076923
2 0.6567548076923077 0.8075961538461538 0.22978365384615385 0.12399038461538461
2 0.27896634615384613 0.9308894230769231 0.12795673076923075 0.13822115384615385
2 0.08908653846153847 0.6415865384615385 0.123125 0.06841346153846153
2 0.07504807692307693 0.5698798076923077 0.11324519230769231 0.06125
2 0.21747596153846155 0.6792307692307692 0.06264423076923077 0.06358173076923077
2 0.22788461538461538 0.6135336538461538 0.05783653846153846 0.06040865384615384