2 0.16707317073170733 0.5963414634146341 0.22682926829268293 0.14390243902439023
2 0.41097560975609754 0.6878048780487804 0.20243902439024392 0.07317073170731707
2 0.8426829268292683 0.7963414634146342 0.06097560975609756 0.15853658536585366
2 0.6146341463414634 0.8292682926829268 0.24390243902439024 0.1073170731707317
1 0.05 0.8865853658536585 0.1 0.13414634146341464
2 0.6207317073170732 0.9024390243902439 0.07560975609756097 0.12682926829268293
2 0.3975609756097561 0.9060975609756098 0.18536585365853658 0.1
2 0.3360731707317074 0.8145365853658536 0.2331463414634147 0.1258048780487806
2 0.7207317073170731 0.9341463414634147 0.12926829268292683 0.13170731707317074
2 0.9120487804878049 0.6460975609756097 0.12492682926829275 0.06941463414634155
2 0.9262926829268292 0.5733414634146341 0.11490243902439028 0.062146341463414675
2 0.781780487804878 0.6842926829268293 0.06356097560975596 0.06451219512195133
2 0.771219512195122 0.6176341463414634 0.058682926829268435 0.06129268292682926