3 0.524890625 0.70459375 0.152140625 0.213109375
2 0.34815625 0.9057187499999999 0.0744375 0.154421875
1 0.6028125 0.38459374999999996 0.083765625 0.0473125
2 0.1954375 0.8574999999999999 0.11381250000000001 0.147796875
1 0.8695937499999999 0.71809375 0.062359374999999995 0.0643125
2 0.3708125 0.765734375 0.088484375 0.050234375
3 0.206953125 0.393765625 0.08499999999999999 0.0758125
3 0.448734375 0.55778125 0.076375 0.060109375
3 0.5260625 0.5779062500000001 0.074796875 0.057359375000000004
1 0.18840625 0.218828125 0.059609375 0.038421875
3 0.6055625 0.19109375 0.034546875 0.06890625
3 0.87115625 0.17098437500000002 0.081375 0.05603125
3 0.7983125 0.21940624999999997 0.06146875 0.059125000000000004
3 0.318671875 0.19890625 0.039671875 0.05328125
3 0.65184375 0.7471875 0.076328125 0.08734375
0 0.69265625 0.8336874999999999 0.0915625 0.07675
2 0.8135468749999999 0.731953125 0.081 0.052203124999999996
3 0.981640625 0.506625 0.03671875 0.07496875
3 0.99140625 0.595265625 0.0171875 0.08820312500000001
3 0.9482968749999999 0.32015625000000003 0.036453124999999996 0.041890625
2 0.723125 0.34125 0.043125000000000004 0.0528125
3 0.48603125 0.25690625 0.029875000000000002 0.040359374999999996
3 0.0231875 0.423640625 0.046359375 0.08478125
3 0.620796875 0.678265625 0.036546875 0.062765625
3 0.145640625 0.54334375 0.032671875 0.03903125
3 0.633671875 0.4814375 0.043921875 0.059765625
3 0.42315625 0.3225 0.05254687500000001 0.06218749999999999
3 0.520609375 0.280328125 0.061125 0.05596875
1 0.7127656250000001 0.20612499999999997 0.041953125 0.048203125
3 0.42979687499999997 0.8356406249999999 0.06696875 0.07284375
2 0.8262499999999999 0.6702656250000001 0.06314062499999999 0.035046875
1 0.256171875 0.748546875 0.050937500000000004 0.062734375
3 0.10598437499999999 0.528109375 0.034890624999999995 0.047625
3 0.46378125 0.149703125 0.050578124999999995 0.042375
3 0.05292187499999999 0.262546875 0.105859375 0.094640625
3 0.0624375 0.6477968749999999 0.06340625 0.07996875
3 0.126296875 0.7190624999999999 0.056765625 0.062359374999999995
3 0.26203125 0.63334375 0.06265625 0.074515625
3 0.8832656249999999 0.52771875 0.105328125 0.101515625
3 0.9112031249999999 0.391625 0.12368749999999999 0.067625
3 0.354015625 0.37328125 0.06540625 0.05121875
1 0.519625 0.43340625 0.043546875 0.049640625
3 0.369453125 0.477921875 0.058765625 0.044921875
3 0.023625 0.8535937499999999 0.04725 0.10874999999999999
2 0.059890624999999996 0.7513124999999999 0.11978124999999999 0.0958125