3 0.8695121951219512 0.7987804878048781 0.15365853658536585 0.12195121951219512
3 0.6321219512195121 0.6174878048780488 0.1260243902439026 0.10570731707317067
3 0.7682926829268293 0.574390243902439 0.15121951219512195 0.15121951219512195
3 0.1951219512195122 0.4951219512195122 0.20243902439024392 0.2
3 0.5426829268292683 0.47804878048780486 0.11463414634146342 0.0951219512195122
3 0.6341463414634146 0.45121951219512196 0.07073170731707316 0.08536585365853659
3 0.8975609756097561 0.4268292682926829 0.11951219512195121 0.08048780487804878
3 0.7841463414634147 0.4219512195121951 0.11463414634146342 0.07804878048780488
3 0.06707317073170732 0.3695121951219512 0.13414634146341464 0.16341463414634147
3 0.824390243902439 0.8817073170731707 0.08780487804878048 0.06829268292682927
3 0.7341463414634146 0.8365853658536585 0.1024390243902439 0.07560975609756097