3 0.874390243902439 0.20609756097560974 0.15365853658536585 0.12195121951219512
3 0.6369999999999999 0.38739024390243904 0.1260243902439026 0.10570731707317067
3 0.7731707317073171 0.4304878048780488 0.15121951219512195 0.15121951219512195
3 0.2 0.5097560975609756 0.20243902439024392 0.2
3 0.5475609756097561 0.526829268292683 0.11463414634146342 0.0951219512195122
3 0.6390243902439025 0.5536585365853659 0.07073170731707316 0.08536585365853659
3 0.9024390243902439 0.5780487804878048 0.11951219512195121 0.08048780487804878
3 0.7890243902439025 0.5829268292682926 0.11463414634146342 0.07804878048780488
3 0.06951219512195123 0.6353658536585366 0.13902439024390245 0.16341463414634147
3 0.8292682926829268 0.12317073170731707 0.08780487804878048 0.06829268292682927
3 0.7390243902439024 0.16829268292682928 0.1024390243902439 0.07560975609756097