2 0.4060975609756098 0.8573170731707317 0.23658536585365852 0.11219512195121951
2 0.24024390243902438 0.6670731707317074 0.0951219512195122 0.10975609756097561
2 0.5609756097560976 0.6048780487804878 0.3853658536585366 0.1878048780487805
2 0.8268292682926829 0.5402439024390244 0.1951219512195122 0.13414634146341464
3 0.6817073170731708 0.48048780487804876 0.1024390243902439 0.05609756097560976
2 0.31992682926829263 0.46546341463414637 0.15853658536585366 0.11868292682926836
2 0.11951219512195121 0.9548780487804878 0.2121951219512195 0.07317073170731707
2 0.4951219512195122 0.45365853658536587 0.12926829268292683 0.08780487804878048
2 0.6329268292682927 0.44146341463414634 0.11951219512195121 0.1073170731707317
2 0.4060975609756098 0.401219512195122 0.0975609756097561 0.1024390243902439
2 0.11829268292682926 0.3670731707317073 0.12439024390243902 0.17560975609756097
2 0.8573170731707317 0.3353658536585366 0.12195121951219512 0.18292682926829268
2 0.4548780487804878 0.19878048780487806 0.33414634146341465 0.12195121951219512