2 0.40671641791044777 0.1455223880597015 0.24129353233830847 0.11442786069651742
2 0.23756218905472637 0.33955223880597013 0.09701492537313433 0.11194029850746269
2 0.5646766169154229 0.40298507462686567 0.39303482587064675 0.19154228855721392
2 0.835820895522388 0.4689054726368159 0.19900497512437812 0.13681592039800994
3 0.6878109452736318 0.5298507462686567 0.1044776119402985 0.05721393034825871
2 0.31883084577114423 0.5451741293532338 0.16169154228855723 0.12104477611940305
2 0.11442786069651742 0.046019900497512436 0.21641791044776118 0.07462686567164178
2 0.4975124378109453 0.5572139303482587 0.1318407960199005 0.08955223880597014
2 0.6380597014925373 0.5696517412935324 0.12189054726368159 0.10945273631840796
2 0.40671641791044777 0.6106965174129353 0.09950248756218906 0.1044776119402985
2 0.11318407960199005 0.6455223880597015 0.12686567164179105 0.1791044776119403
2 0.8669154228855721 0.677860696517413 0.12437810945273632 0.1865671641791045
2 0.4564676616915423 0.8171641791044776 0.3407960199004975 0.12437810945273632