2 0.5073529411764706 0.6544117647058824 0.11764705882352941 0.058823529411764705
2 0.5183823529411765 0.49264705882352944 0.08088235294117647 0.058823529411764705
3 0.6985294117647058 0.46568627450980393 0.09558823529411764 0.049019607843137254
1 0.3872549019607843 0.45465686274509803 0.07107843137254902 0.07352941176470588
2 0.1932107843137255 0.40931372549019607 0.061274509803921566 0.08823529411764706
3 0.9399509803921569 0.3700980392156863 0.12009803921568628 0.07352941176470588
3 0.7328431372549019 0.06004901960784314 0.061274509803921566 0.058823529411764705
3 0.8088235294117647 0.056372549019607844 0.09313725490196079 0.11274509803921569
1 0.38316176470588237 0.05024509803921569 0.07107843137254902 0.06862745098039216
3 0.9767156862745098 0.8002450980392157 0.03431372549019608 0.05392156862745098
2 0.3321078431372549 0.7818627450980392 0.0661764705882353 0.049019607843137254
2 0.6629901960784313 0.7696078431372549 0.11764705882352941 0.061274509803921566