2 0.5120192307692307 0.3389423076923077 0.11538461538461539 0.057692307692307696
2 0.5228365384615384 0.49759615384615385 0.07932692307692307 0.057692307692307696
3 0.6995192307692307 0.5240384615384616 0.09375 0.04807692307692308
1 0.3942307692307692 0.5348557692307693 0.06971153846153846 0.07211538461538461
2 0.20391826923076922 0.5793269230769231 0.06009615384615385 0.08653846153846154
3 0.9375 0.6177884615384616 0.1201923076923077 0.07211538461538461
3 0.7331730769230769 0.921875 0.06009615384615385 0.057692307692307696
3 0.8088942307692307 0.9266826923076923 0.09134615384615384 0.11057692307692307
1 0.3902163461538462 0.9314903846153846 0.06971153846153846 0.0673076923076923
3 0.9723557692307693 0.19591346153846154 0.03365384615384615 0.052884615384615384
2 0.3401442307692308 0.21394230769230768 0.06490384615384616 0.04807692307692308
2 0.6646634615384616 0.22596153846153846 0.11538461538461539 0.06009615384615385