2 0.5 0.3307291666666667 0.125 0.0625
2 0.51171875 0.5026041666666666 0.0859375 0.0625
3 0.703125 0.53125 0.1015625 0.052083333333333336
1 0.3723958333333333 0.54296875 0.07552083333333333 0.078125
2 0.16622395833333334 0.5911458333333334 0.06510416666666667 0.09375
3 0.9479166666666666 0.6328125 0.10416666666666667 0.078125
3 0.7395833333333334 0.9622395833333334 0.06510416666666667 0.0625
3 0.8203125 0.953125 0.09895833333333333 0.09375
1 0.3658854166666667 0.9674479166666666 0.07552083333333333 0.06510416666666667
3 0.9895833333333334 0.17447916666666666 0.020833333333333332 0.057291666666666664
2 0.3138020833333333 0.1953125 0.0703125 0.052083333333333336
2 0.6653645833333334 0.20833333333333334 0.125 0.06510416666666667