3 0.8505154639175257 0.6378865979381443 0.0979381443298969 0.04381443298969072
3 0.8994845360824743 0.6018041237113402 0.08505154639175258 0.05412371134020619
3 0.45103092783505155 0.5309278350515464 0.5154639175257731 0.23195876288659795
3 0.17783505154639176 0.40463917525773196 0.1211340206185567 0.13402061855670103
3 0.9690721649484536 0.9806701030927835 0.061855670103092786 0.03865979381443299
3 0.9664948453608248 0.3595360824742268 0.06701030927835051 0.059278350515463915
3 0.9072164948453608 0.3543814432989691 0.1211340206185567 0.06443298969072164
3 0.874561855670103 0.29981958762886596 0.05755154639175268 0.06788659793814442
3 0.9716494845360825 0.15077319587628865 0.05670103092783505 0.19845360824742267
3 0.48195876288659795 0.16108247422680413 0.5051546391752577 0.32216494845360827
3 0.8041237113402062 0.10051546391752578 0.1134020618556701 0.13144329896907217
3 0.9716494845360825 0.8814432989690721 0.05670103092783505 0.06701030927835051