3 0.8028846153846154 0.38100961538461536 0.09134615384615384 0.040865384615384616
3 0.8485576923076923 0.41466346153846156 0.07932692307692307 0.05048076923076923
3 0.43028846153846156 0.4807692307692308 0.4807692307692308 0.21634615384615385
3 0.17548076923076922 0.5985576923076923 0.11298076923076923 0.125
3 0.9322836538461539 0.05490384615384615 0.09055288461538462 0.052884615384615384
3 0.9387019230769231 0.640625 0.11778846153846154 0.055288461538461536
3 0.8557692307692307 0.6454326923076923 0.11298076923076923 0.06009615384615385
3 0.8253125 0.6963221153846154 0.05367788461538461 0.06331730769230769
3 0.9435096153846154 0.8353365384615384 0.10817307692307693 0.18509615384615385
3 0.45913461538461536 0.8365384615384616 0.47115384615384615 0.32211538461538464
3 0.7596153846153846 0.8822115384615384 0.10576923076923077 0.12259615384615384
3 0.9627403846153846 0.9639423076923077 0.06971153846153846 0.0625
3 0.9230769230769231 0.15384615384615385 0.0673076923076923 0.0625