1 0.8617788461538461 0.03045673076923077 0.03365384615384615 0.04007211538461539
3 0.4519230769230769 0.26802884615384615 0.040865384615384616 0.052884615384615384
2 0.15865384615384615 0.28966346153846156 0.04807692307692308 0.055288461538461536
3 0.7295673076923077 0.44471153846153844 0.04567307692307692 0.04567307692307692
3 0.5901442307692307 0.5380528846153847 0.057692307692307696 0.05848557692307692
2 0.028052884615384615 0.5420673076923077 0.05610576923076923 0.03125
3 0.5637019230769231 0.6213942307692307 0.09134615384615384 0.052884615384615384
0 0.48197115384615385 0.6670673076923077 0.06490384615384616 0.07692307692307693
3 0.8497596153846154 0.7283653846153846 0.07932692307692307 0.052884615384615384
3 0.11538461538461539 0.7331730769230769 0.13221153846153846 0.06009615384615385
3 0.4987980769230769 0.7451923076923077 0.10096153846153846 0.06971153846153846
3 0.7884615384615384 0.8942307692307693 0.13701923076923078 0.08413461538461539
2 0.13221153846153846 0.09615384615384616 0.1201923076923077 0.038461538461538464
3 0.7944711538461539 0.140625 0.055288461538461536 0.040865384615384616
3 0.8974278846153846 0.18990384615384615 0.06088942307692307 0.05048076923076923