3 0.5989304812834224 0.7901069518716578 0.045454545454545456 0.058823529411764705
2 0.9251336898395722 0.766042780748663 0.053475935828877004 0.06149732620320856
3 0.29010695187165775 0.5935828877005348 0.05080213903743316 0.05080213903743316
3 0.4451871657754011 0.48975935828877004 0.06417112299465241 0.06505347593582883
3 0.47459893048128343 0.39705882352941174 0.10160427807486631 0.058823529411764705
0 0.5655080213903744 0.3462566844919786 0.07219251336898395 0.0855614973262032
3 0.15641711229946523 0.27807486631016043 0.08823529411764706 0.058823529411764705
3 0.9505347593582888 0.27406417112299464 0.09893048128342247 0.06684491978609626
3 0.5467914438502673 0.25935828877005346 0.11229946524064172 0.07754010695187166
3 0.22459893048128343 0.09358288770053476 0.15240641711229946 0.09358288770053476
2 0.9438502673796791 0.9799465240641712 0.11229946524064172 0.040106951871657755
3 0.2179144385026738 0.9318181818181818 0.06149732620320856 0.045454545454545456
3 0.10339572192513373 0.8770053475935828 0.06772727272727283 0.05614973262032086