1 0.13112745098039216 0.9713970588235293 0.03431372549019608 0.0408578431372548
3 0.5490196078431373 0.7291666666666666 0.041666666666666664 0.05392156862745098
2 0.8480392156862745 0.7071078431372549 0.049019607843137254 0.056372549019607844
3 0.2659313725490196 0.5490196078431373 0.04656862745098039 0.04656862745098039
3 0.40808823529411764 0.4538480392156862 0.058823529411764705 0.059632352941176435
2 0.9767156862745098 0.4497549019607843 0.04656862745098039 0.031862745098039214
3 0.43504901960784315 0.36887254901960786 0.09313725490196079 0.05392156862745098
0 0.5183823529411765 0.32230392156862747 0.0661764705882353 0.0784313725490196
3 0.14338235294117646 0.25980392156862747 0.08088235294117647 0.05392156862745098
3 0.8921568627450981 0.2549019607843137 0.13480392156862744 0.061274509803921566
3 0.5012254901960784 0.2426470588235294 0.10294117647058823 0.07107843137254902
3 0.20588235294117646 0.09068627450980392 0.13970588235294118 0.0857843137254902
2 0.875 0.9044117647058824 0.12254901960784313 0.0392156862745098
3 0.19975490196078433 0.8590686274509803 0.056372549019607844 0.041666666666666664
3 0.09477941176470592 0.8088235294117647 0.062083333333333435 0.051470588235294115