1 0.1806971153846154 0.2672355769230769 0.06170673076923077 0.052091346153846155
3 0.7940625 0.31490384615384615 0.2275721153846154 0.10899038461538463
3 0.41305288461538464 0.3481490384615385 0.07052884615384615 0.04728365384615385
3 0.29165865384615386 0.349375 0.07853365384615385 0.04408653846153846
2 0.3870192307692308 0.3826201923076923 0.07211538461538461 0.051274038461538454
3 0.08574519230769231 0.40064903846153843 0.07853365384615385 0.06891826923076924
3 0.19069711538461537 0.4935817307692308 0.11459134615384615 0.07372596153846155
3 0.453125 0.5757211538461539 0.09375 0.06490384615384616
2 0.5240384615384616 0.5997596153846154 0.08653846153846154 0.055288461538461536
3 0.8653846153846154 0.07451923076923077 0.057692307692307696 0.04807692307692308
3 0.3016826923076923 0.7728365384615384 0.5216346153846154 0.17307692307692307
1 0.09735576923076923 0.9266826923076923 0.09134615384615384 0.055288461538461536
3 0.17348557692307692 0.96875 0.09694711538461538 0.057692307692307696
3 0.20432692307692307 0.10817307692307693 0.07692307692307693 0.04807692307692308
3 0.10336538461538461 0.14302884615384615 0.0673076923076923 0.04326923076923077
3 0.6911057692307693 0.17307692307692307 0.08413461538461539 0.04326923076923077
3 0.3757932692307693 0.18870192307692307 0.07211538461538461 0.05048076923076923
1 0.23677884615384615 0.203125 0.057692307692307696 0.036057692307692304