1 0.17198529411764707 0.7299754901960784 0.06291666666666663 0.053112745098039114
3 0.7973774509803921 0.6813725490196079 0.2320343137254901 0.11112745098039223
3 0.40889705882352945 0.6474754901960783 0.07191176470588229 0.04821078431372567
3 0.2851225490196078 0.6462254901960783 0.08007352941176467 0.04495098039215666
2 0.38235294117647056 0.612328431372549 0.07352941176470588 0.052279411764705845
3 0.07517156862745099 0.5939460784313726 0.08007352941176471 0.0702696078431373
3 0.18218137254901962 0.4991911764705882 0.11683823529411762 0.07517156862745102
3 0.4497549019607843 0.41544117647058826 0.09558823529411764 0.0661764705882353
2 0.5220588235294118 0.3909313725490196 0.08823529411764706 0.056372549019607844
3 0.8700980392156863 0.9264705882352942 0.058823529411764705 0.049019607843137254
3 0.29534313725490197 0.21446078431372548 0.5318627450980392 0.17647058823529413
1 0.08700980392156862 0.05759803921568627 0.09313725490196079 0.056372549019607844
3 0.1642156862745098 0.022058823529411766 0.09803921568627451 0.04411764705882353
3 0.19607843137254902 0.8921568627450981 0.0784313725490196 0.049019607843137254
3 0.09313725490196079 0.8566176470588235 0.06862745098039216 0.04411764705882353
3 0.6924019607843137 0.8259803921568627 0.0857843137254902 0.04411764705882353
3 0.37090686274509804 0.8100490196078431 0.07352941176470588 0.051470588235294115
1 0.22916666666666666 0.7953431372549019 0.058823529411764705 0.03676470588235294