1 0.18892670157068064 0.7613350785340314 0.06719895287958112 0.05672774869109937
3 0.8568848167539267 0.7094240837696335 0.24782722513088995 0.11869109947643987
3 0.4419633507853403 0.673219895287958 0.07680628272251303 0.05149214659685883
3 0.30976439790575916 0.6718848167539266 0.08552356020942405 0.04801047120418857
2 0.41361256544502617 0.6356806282722514 0.07853403141361257 0.05583769633507849
3 0.08552356020942409 0.6160471204188482 0.08552356020942409 0.07505235602094246
3 0.19981675392670156 0.5148429319371728 0.12479057591623033 0.08028795811518329
3 0.4856020942408377 0.42539267015706805 0.10209424083769633 0.07068062827225131
2 0.56282722513089 0.3992146596858639 0.09424083769633508 0.060209424083769635
3 0.9345549738219895 0.9712041884816754 0.06282722513089005 0.05235602094240838
3 0.3206806282722513 0.2107329842931937 0.5680628272251309 0.18848167539267016
1 0.09816753926701571 0.04319371727748691 0.09947643979057591 0.060209424083769635
3 0.1806282722513089 0.014397905759162303 0.10471204188481675 0.028795811518324606
3 0.21465968586387435 0.9345549738219895 0.08376963350785341 0.05235602094240838
3 0.10471204188481675 0.8965968586387435 0.07329842931937172 0.04712041884816754
3 0.7447643979057592 0.8638743455497382 0.09162303664921466 0.04712041884816754
3 0.40138743455497383 0.8468586387434555 0.07853403141361257 0.0549738219895288
1 0.25 0.831151832460733 0.06282722513089005 0.03926701570680628