3 0.8711340206185567 0.7693298969072165 0.06701030927835051 0.05670103092783505
3 0.25 0.769742268041237 0.07216494845360824 0.05842783505154658
2 0.2027577319587629 0.5820360824742269 0.2843556701030928 0.16237113402061856
2 0.5936340206185567 0.44072164948453607 0.1898711340206186 0.05154639175257732
3 0.5515463917525774 0.37757731958762886 0.1056701030927835 0.059278350515463915
3 0.740979381443299 0.3595360824742268 0.07989690721649484 0.05412371134020619
2 0.36855670103092786 0.1958762886597938 0.3118556701030928 0.15721649484536082
2 0.23840206185567012 0.9295618556701032 0.06530927835051548 0.048118556701030823
2 0.10652061855670103 0.04768041237113402 0.14863402061855666 0.06701030927835051
2 0.5927835051546392 0.9162371134020618 0.08762886597938144 0.06958762886597938
2 0.6662371134020618 0.913659793814433 0.07216494845360824 0.07216494845360824
2 0.5837628865979382 0.990979381443299 0.10051546391752578 0.01804123711340206