3 0.8701923076923077 0.23197115384615385 0.0625 0.052884615384615384
3 0.29086538461538464 0.23158653846153848 0.0673076923076923 0.054495192307692314
2 0.24680288461538463 0.4066586538461538 0.26521634615384615 0.15144230769230768
2 0.6113701923076923 0.5384615384615384 0.17709134615384617 0.04807692307692308
3 0.5721153846153846 0.5973557692307693 0.0985576923076923 0.055288461538461536
3 0.7487980769230769 0.6141826923076923 0.07451923076923077 0.05048076923076923
2 0.4014423076923077 0.7668269230769231 0.29086538461538464 0.1466346153846154
2 0.2800480769230769 0.08252403846153845 0.06091346153846154 0.0448798076923077
2 0.15704326923076922 0.9050480769230769 0.1386298076923077 0.0625
2 0.6105769230769231 0.09495192307692307 0.08173076923076923 0.06490384615384616
2 0.6790865384615384 0.09735576923076923 0.0673076923076923 0.0673076923076923
2 0.6021634615384616 0.016826923076923076 0.09375 0.03365384615384615