3 0.8737864077669902 0.23179611650485438 0.06310679611650485 0.05339805825242718
3 0.28883495145631066 0.23140776699029128 0.06796116504854369 0.05502427184466023
2 0.24434466019417475 0.4081796116504854 0.26779126213592236 0.1529126213592233
2 0.6124514563106797 0.5412621359223301 0.17881067961165054 0.04854368932038835
3 0.5728155339805825 0.6007281553398058 0.09951456310679611 0.055825242718446605
3 0.7512135922330098 0.6177184466019418 0.07524271844660194 0.050970873786407765
2 0.40048543689320387 0.7718446601941747 0.2936893203883495 0.14805825242718446
2 0.2779126213592233 0.08089805825242719 0.06150485436893205 0.04531553398058253
2 0.1537135922330097 0.9114077669902912 0.13997572815533976 0.06310679611650485
2 0.6116504854368932 0.09344660194174757 0.0825242718446602 0.06553398058252427
2 0.6808252427184466 0.09587378640776699 0.06796116504854369 0.06796116504854369
2 0.6031553398058253 0.015776699029126214 0.09466019417475728 0.03155339805825243