3 0.41973684210526313 0.7934210526315789 0.08947368421052632 0.07894736842105263
3 0.36578947368421055 0.7368421052631579 0.07631578947368421 0.06578947368421052
3 0.35 0.6644736842105263 0.07105263157894737 0.08157894736842106
2 0.26710526315789473 0.6618421052631579 0.1368421052631579 0.10263157894736842
3 0.4131578947368421 0.618421052631579 0.06578947368421052 0.07105263157894737
3 0.3526315789473684 0.6092105263157894 0.07631578947368421 0.08421052631578947
3 0.8245526315789473 0.5680000000000001 0.17105263157894737 0.1394736842105263
3 0.9263157894736842 0.4881578947368421 0.14736842105263157 0.1868421052631579
1 0.5552631578947368 0.35789473684210527 0.09736842105263158 0.08157894736842106
3 0.4131578947368421 0.33157894736842103 0.12368421052631579 0.07105263157894737
3 0.6513157894736842 0.3144736842105263 0.04736842105263158 0.07105263157894737
3 0.8592105263157894 0.23421052631578948 0.28157894736842104 0.16842105263157894
3 0.2723684210526316 0.1881578947368421 0.2131578947368421 0.14473684210526316
3 0.09868421052631579 0.1723684210526316 0.13157894736842105 0.06842105263157895
3 0.2026315789473684 0.10394736842105264 0.14736842105263157 0.07631578947368421
3 0.36973684210526314 0.09868421052631579 0.2868421052631579 0.19736842105263158
3 0.5947368421052631 0.975 0.10526315789473684 0.05
3 0.8447368421052631 0.05131578947368421 0.13157894736842105 0.09736842105263158
2 0.7320263157894737 0.05044736842105267 0.09736842105263158 0.06315789473684211