3 0.3836898395721925 0.24732620320855614 0.09090909090909091 0.08021390374331551
3 0.32887700534759357 0.3048128342245989 0.07754010695187166 0.06684491978609626
3 0.31283422459893045 0.3783422459893048 0.07219251336898395 0.08288770053475936
2 0.2286096256684492 0.3810160427807487 0.13903743315508021 0.10427807486631016
3 0.3770053475935829 0.42513368983957217 0.06684491978609626 0.07219251336898395
3 0.3155080213903743 0.4344919786096257 0.07754010695187166 0.0855614973262032
3 0.7949999999999999 0.4763636363636364 0.17379679144385027 0.14171122994652408
3 0.9117647058823529 0.5574866310160428 0.17647058823529413 0.18983957219251338
1 0.5213903743315508 0.6898395721925134 0.09893048128342247 0.08288770053475936
3 0.3770053475935829 0.7165775401069518 0.12566844919786097 0.07219251336898395
3 0.6189839572192514 0.733957219251337 0.0481283422459893 0.07219251336898395
3 0.8435828877005348 0.8155080213903744 0.31283422459893045 0.1711229946524064
3 0.2339572192513369 0.8622994652406417 0.21657754010695188 0.14705882352941177
3 0.06149732620320856 0.8770053475935828 0.12299465240641712 0.06951871657754011
3 0.16310160427807488 0.9478609625668449 0.1497326203208556 0.07754010695187166
3 0.33288770053475936 0.9264705882352942 0.2914438502673797 0.14705882352941177
3 0.5628342245989305 0.053475935828877004 0.10695187165775401 0.07219251336898395
3 0.8155080213903744 0.9759358288770054 0.13368983957219252 0.0481283422459893
2 0.6991978609625669 0.983957219251337 0.09893048128342247 0.03208556149732621