2 0.17317708333333334 0.22526041666666666 0.2604166666666667 0.11979166666666667
2 0.72265625 0.29296875 0.5546875 0.2734375
2 0.125 0.3580729166666667 0.2109375 0.15885416666666666
3 0.3307291666666667 0.390625 0.203125 0.14322916666666666
3 0.5677083333333334 0.39453125 0.15364583333333334 0.09895833333333333
3 0.8684895833333334 0.45703125 0.2630208333333333 0.16927083333333334
3 0.07552083333333333 0.55078125 0.15104166666666666 0.20052083333333334
3 0.9557291666666666 0.6158854166666666 0.08854166666666667 0.11197916666666667
2 0.203125 0.6341145833333334 0.28125 0.19270833333333334
3 0.515625 0.6471354166666666 0.20572916666666666 0.08854166666666667
3 0.3932291666666667 0.703125 0.2864583333333333 0.09895833333333333
3 0.73828125 0.7083333333333334 0.265625 0.11197916666666667