2 0.8137019230769231 0.2704326923076923 0.2403846153846154 0.11057692307692307
2 0.30408653846153844 0.33451923076923074 0.5208173076923077 0.2507932692307692
2 0.8581730769230769 0.39302884615384615 0.19471153846153846 0.1466346153846154
3 0.6682692307692307 0.4230769230769231 0.1875 0.13221153846153846
3 0.4495192307692308 0.4266826923076923 0.14182692307692307 0.09134615384615384
3 0.1466346153846154 0.484375 0.2932692307692308 0.15625
3 0.9170673076923077 0.5721153846153846 0.1658653846153846 0.18509615384615385
3 0.0733173076923077 0.6322115384615384 0.11778846153846154 0.10336538461538461
2 0.7860576923076923 0.6478365384615384 0.25961538461538464 0.1778846153846154
3 0.49759615384615385 0.6598557692307693 0.18990384615384615 0.08173076923076923
3 0.6105769230769231 0.7115384615384616 0.2644230769230769 0.09134615384615384
3 0.2920673076923077 0.7163461538461539 0.24519230769230768 0.10336538461538461