2 0.8198529411764706 0.7316176470588235 0.24509803921568626 0.11274509803921569
2 0.3002450980392157 0.6662745098039217 0.5310294117647057 0.2557107843137253
2 0.8651960784313726 0.6066176470588235 0.19852941176470587 0.14950980392156862
3 0.6715686274509803 0.5759803921568627 0.19117647058823528 0.13480392156862744
3 0.4485294117647059 0.5723039215686274 0.14460784313725492 0.09313725490196079
3 0.14460784313725492 0.5134803921568627 0.28921568627450983 0.15931372549019607
3 0.9203431372549019 0.4252450980392157 0.15931372549019607 0.18872549019607843
3 0.06495098039215687 0.3627450980392157 0.12009803921568628 0.1053921568627451
2 0.7916666666666666 0.34681372549019607 0.2647058823529412 0.18137254901960784
3 0.49754901960784315 0.33455882352941174 0.19362745098039216 0.08333333333333333
3 0.6127450980392157 0.2818627450980392 0.2696078431372549 0.09313725490196079
3 0.28799019607843135 0.2769607843137255 0.25 0.1053921568627451