2 0.8161057692307693 0.33774038461538464 0.15144230769230768 0.07211538461538461
2 0.4074519230769231 0.3401442307692308 0.15384615384615385 0.1658653846153846
2 0.25841346153846156 0.3858173076923077 0.13942307692307693 0.16346153846153846
2 0.609375 0.4326923076923077 0.1201923076923077 0.14903846153846154
2 0.4483173076923077 0.4375 0.0889423076923077 0.125
2 0.6850961538461539 0.53125 0.18028846153846154 0.06490384615384616
2 0.6778846153846154 0.6153846153846154 0.17067307692307693 0.14182692307692307
3 0.6899038461538461 0.7403846153846154 0.1346153846153846 0.10336538461538461
3 0.7704326923076923 0.8341346153846154 0.09615384615384616 0.13942307692307693
1 0.9519230769230769 0.8401442307692307 0.09134615384615384 0.10336538461538461
2 0.5480769230769231 0.8497596153846154 0.15384615384615385 0.14903846153846154
1 0.8245192307692307 0.09495192307692307 0.06971153846153846 0.10576923076923077
2 0.6838942307692307 0.11538461538461539 0.18990384615384615 0.10817307692307693
2 0.9002403846153846 0.14302884615384615 0.17307692307692307 0.07932692307692307