2 0.8516042780748663 0.6991978609625669 0.16844919786096257 0.08021390374331551
2 0.39705882352941174 0.696524064171123 0.1711229946524064 0.18449197860962566
2 0.23128342245989306 0.6457219251336899 0.15508021390374332 0.18181818181818182
2 0.6216577540106952 0.5935828877005348 0.13368983957219252 0.1657754010695187
2 0.4425133689839572 0.5882352941176471 0.09893048128342247 0.13903743315508021
2 0.7058823529411765 0.4839572192513369 0.20053475935828877 0.07219251336898395
2 0.6978609625668449 0.39037433155080214 0.18983957219251338 0.15775401069518716
3 0.7112299465240641 0.25133689839572193 0.1497326203208556 0.11497326203208556
3 0.8008021390374331 0.14705882352941177 0.10695187165775401 0.15508021390374332
1 0.9759358288770054 0.14037433155080214 0.0481283422459893 0.11497326203208556
2 0.553475935828877 0.12967914438502673 0.1711229946524064 0.1657754010695187
1 0.8596256684491979 0.9558823529411765 0.07754010695187166 0.08823529411764706
2 0.7045454545454546 0.9438502673796791 0.21122994652406418 0.11229946524064172
2 0.9237967914438503 0.9157754010695187 0.15240641711229946 0.08823529411764706