2 0.8271144278606966 0.3445273631840796 0.15671641791044777 0.07462686567164178
2 0.40422885572139305 0.34701492537313433 0.15920398009950248 0.17164179104477612
2 0.25 0.39427860696517414 0.14427860696517414 0.1691542288557214
2 0.6131840796019901 0.4427860696517413 0.12437810945273632 0.15422885572139303
2 0.4465174129353234 0.44776119402985076 0.09203980099502487 0.12935323383084577
2 0.6915422885572139 0.5447761194029851 0.1865671641791045 0.06716417910447761
2 0.6840796019900498 0.6318407960199005 0.17661691542288557 0.14676616915422885
3 0.6965174129353234 0.7611940298507462 0.13930348258706468 0.10696517412935323
3 0.7798507462686567 0.8582089552238806 0.09950248756218906 0.14427860696517414
1 0.9601990049751243 0.8644278606965174 0.07960199004975124 0.10696517412935323
2 0.5497512437810945 0.8743781094527363 0.15920398009950248 0.15422885572139303
1 0.835820895522388 0.09328358208955224 0.07213930348258707 0.10945273631840796
2 0.6902985074626866 0.11442786069651742 0.19651741293532338 0.11194029850746269
2 0.9116915422885572 0.14303482587064675 0.17661691542288557 0.08208955223880597