2 0.6524064171122995 0.6697860962566845 0.20053475935828877 0.12032085561497326
2 0.8663101604278075 0.6483957219251337 0.1711229946524064 0.07754010695187166
3 0.2580213903743315 0.48663101604278075 0.20588235294117646 0.11229946524064172
2 0.3810160427807487 0.43315508021390375 0.15508021390374332 0.1711229946524064
2 0.232620320855615 0.3770053475935829 0.13101604278074866 0.17914438502673796
3 0.5053475935828877 0.3088235294117647 0.045454545454545456 0.053475935828877004
2 0.6631016042780749 0.23663101604278075 0.16844919786096257 0.06684491978609626
2 0.7767379679144385 0.08021390374331551 0.10160427807486631 0.10160427807486631
2 0.8425668449197861 0.7844652406417112 0.1535561497326202 0.11556149732620329
2 0.6231016042780748 0.8036096256684492 0.05326203208556154 0.1039839572192513
2 0.5959090909090909 0.3385026737967915 0.11652406417112295 0.1607486631016043
0 0.9505347593582888 0.2727272727272727 0.09893048128342247 0.10160427807486631
2 0.7959893048128341 0.44096256684491975 0.12459893048128348 0.06636363636363635