2 0.35789473684210527 0.6671052631578948 0.19736842105263158 0.11842105263157894
2 0.14736842105263157 0.6460526315789473 0.16842105263157894 0.07631578947368421
3 0.7460526315789474 0.4868421052631579 0.2026315789473684 0.11052631578947368
2 0.625 0.4342105263157895 0.15263157894736842 0.16842105263157894
2 0.7710526315789473 0.37894736842105264 0.12894736842105264 0.1763157894736842
3 0.5026315789473684 0.3118421052631579 0.04473684210526316 0.05263157894736842
2 0.3473684210526316 0.24078947368421053 0.16578947368421051 0.06578947368421052
2 0.2355263157894737 0.0868421052631579 0.1 0.1
2 0.17073684210526316 0.7799736842105263 0.15113157894736828 0.11373684210526323
2 0.38673684210526316 0.7988157894736843 0.052421052631578986 0.10234210526315786
2 0.4135 0.34105263157894744 0.11468421052631575 0.1582105263157895
0 0.056578947368421055 0.27631578947368424 0.11315789473684211 0.1
2 0.2165789473684211 0.44189473684210523 0.12263157894736848 0.06531578947368419