2 0.6177884615384616 0.3137019230769231 0.18028846153846154 0.10817307692307693
2 0.8100961538461539 0.3329326923076923 0.15384615384615385 0.06971153846153846
3 0.26322115384615385 0.47836538461538464 0.18509615384615385 0.10096153846153846
2 0.3737980769230769 0.5264423076923077 0.13942307692307693 0.15384615384615385
2 0.2403846153846154 0.5769230769230769 0.11778846153846154 0.16105769230769232
3 0.4855769230769231 0.6382211538461539 0.040865384615384616 0.04807692307692308
2 0.6274038461538461 0.703125 0.15144230769230768 0.06009615384615385
2 0.7295673076923077 0.84375 0.09134615384615384 0.09134615384615384
2 0.7175480769230769 0.9627403846153846 0.0889423076923077 0.06971153846153846
2 0.7887500000000001 0.21060096153846153 0.13805288461538462 0.10389423076923077
2 0.5914423076923077 0.19338942307692308 0.04788461538461539 0.09348557692307692
2 0.9029086538461539 0.9559375 0.11644230769230769 0.088125
2 0.5669951923076924 0.6115384615384616 0.10475961538461538 0.14451923076923076
0 0.8944951923076924 0.6714182692307692 0.10228365384615384 0.09201923076923077
2 0.746875 0.519423076923077 0.11201923076923077 0.05966346153846154