3 0.15 0.3263157894736842 0.09473684210526316 0.08947368421052632
3 0.25 0.38421052631578945 0.1736842105263158 0.15526315789473685
1 0.010526315789473684 0.4644736842105263 0.021052631578947368 0.1394736842105263
3 0.16842105263157894 0.4789473684210526 0.10263157894736842 0.14473684210526316
2 0.3894736842105263 0.4934210526315789 0.18421052631578946 0.15
2 0.7105263157894737 0.05 0.1368421052631579 0.1
2 0.25526315789473686 0.8486842105263158 0.1631578947368421 0.19736842105263158
2 0.5131578947368421 0.06710526315789474 0.10526315789473684 0.13421052631578947
2 0.010526315789473684 0.7578947368421053 0.021052631578947368 0.11578947368421053
2 0.3394736842105263 0.06447368421052632 0.13157894736842105 0.12894736842105264
0 0.013157894736842105 0.12894736842105264 0.02631578947368421 0.12631578947368421
0 0.2093421052631579 0.08213157894736842 0.22305263157894734 0.1089736842105263
2 0.2663421052631578 0.5734473684210526 0.21426315789473674 0.08371052631578949