3 0.7860576923076923 0.3317307692307692 0.08653846153846154 0.08173076923076923
3 0.6947115384615384 0.38461538461538464 0.15865384615384615 0.14182692307692307
1 0.9507211538461539 0.45992788461538464 0.09375 0.12819711538461537
3 0.7692307692307693 0.47115384615384615 0.09375 0.13221153846153846
2 0.5673076923076923 0.484375 0.16826923076923078 0.13701923076923078
2 0.27524038461538464 0.0625 0.125 0.125
2 0.6899038461538461 0.8088942307692307 0.14903846153846154 0.18028846153846154
2 0.4543269230769231 0.08774038461538461 0.09615384615384616 0.13942307692307693
2 0.9527884615384615 0.7266826923076923 0.09442307692307693 0.10641826923076923
2 0.6132692307692308 0.08403846153846153 0.12040865384615386 0.13920673076923076
0 0.9499278846153847 0.1529326923076923 0.10014423076923076 0.1167548076923077
0 0.7318509615384615 0.10867788461538462 0.20375000000000001 0.09954326923076923
2 0.6797836538461539 0.5574759615384616 0.19572115384615385 0.07646634615384615