3 0.2019704433497537 0.6699507389162561 0.08866995073891626 0.08374384236453201
3 0.2955665024630542 0.6157635467980296 0.1625615763546798 0.14532019704433496
1 0.04064039408866995 0.5406403940886699 0.0812807881773399 0.13054187192118227
3 0.21921182266009853 0.5270935960591133 0.0960591133004926 0.1354679802955665
2 0.42610837438423643 0.5135467980295566 0.1724137931034483 0.14039408866995073
2 0.7266009852216748 0.9408866995073891 0.12807881773399016 0.11822660098522167
2 0.30049261083743845 0.1810344827586207 0.15270935960591134 0.18472906403940886
2 0.541871921182266 0.9199507389162561 0.09852216748768473 0.14285714285714285
2 0.04064039408866995 0.2660098522167488 0.0812807881773399 0.10837438423645321
2 0.37901477832512315 0.9237438423645321 0.12337438423645328 0.1426354679802955
0 0.04310344827586207 0.854679802955665 0.08620689655172414 0.11822660098522167
0 0.257512315270936 0.8984975369458129 0.2087684729064039 0.10199507389162554
2 0.3108620689655172 0.43864532019704433 0.20054187192118217 0.07834975369458129