2 0.8939393939393939 0.7436868686868687 0.14267676767676768 0.07575757575757576
1 0.7702020202020202 0.6262626262626263 0.10732323232323232 0.08838383838383838
2 0.8459595959595959 0.5138888888888888 0.10984848484848485 0.19696969696969696
2 0.5618686868686869 0.41792929292929293 0.07828282828282829 0.16035353535353536
2 0.7752525252525253 0.38762626262626265 0.06186868686868687 0.1388888888888889
2 0.5088383838383839 0.23737373737373738 0.09090909090909091 0.13383838383838384
2 0.672979797979798 0.15782828282828282 0.1452020202020202 0.13131313131313133
2 0.4532828282828283 0.11363636363636363 0.09848484848484848 0.1452020202020202
2 0.8203787878787879 0.30330808080808086 0.08401515151515147 0.1088636363636364
1 0.5468181818181818 0.14868686868686867 0.09237373737373733 0.06878787878787881
2 0.8620454545454546 0.8478030303030304 0.21111111111111117 0.2825252525252525
3 0.618989898989899 0.666010101010101 0.10666666666666669 0.10737373737373733
3 0.7012626262626263 0.6512878787878787 0.11176767676767674 0.1452272727272727
2 0.7841666666666666 0.549040404040404 0.10588383838383854 0.12244949494949497
2 0.6160606060606061 0.5137121212121212 0.17699494949494943 0.14265151515151517