2 0.07908163265306123 0.7232142857142857 0.1441326530612245 0.07653061224489796
1 0.20408163265306123 0.6045918367346939 0.10841836734693877 0.08928571428571429
2 0.12755102040816327 0.49107142857142855 0.11096938775510204 0.1989795918367347
2 0.4145408163265306 0.39413265306122447 0.07908163265306123 0.16198979591836735
2 0.1989795918367347 0.3635204081632653 0.0625 0.14030612244897958
2 0.46811224489795916 0.21173469387755103 0.09183673469387756 0.13520408163265307
2 0.3022959183673469 0.13137755102040816 0.14668367346938777 0.1326530612244898
2 0.5242346938775511 0.08673469387755102 0.09948979591836735 0.14668367346938777
2 0.15339285714285714 0.2783418367346939 0.08487244897959187 0.1099744897959184
1 0.4297448979591837 0.12214285714285714 0.0933163265306122 0.06948979591836738
2 0.1113010204081633 0.8283928571428572 0.21326530612244896 0.2854081632653061
3 0.35683673469387756 0.6447448979591837 0.10775510204081636 0.108469387755102
3 0.2737244897959184 0.6298724489795917 0.1129081632653061 0.14670918367346936
2 0.18997448979591836 0.5265816326530612 0.10696428571428573 0.12369897959183676
2 0.3597959183673469 0.4908928571428572 0.1788010204081632 0.14410714285714288