2 0.12259615384615384 0.2800480769230769 0.13581730769230768 0.07211538461538461
1 0.2403846153846154 0.3918269230769231 0.10216346153846154 0.08413461538461539
2 0.16826923076923078 0.4987980769230769 0.1045673076923077 0.1875
2 0.4387019230769231 0.5901442307692307 0.07451923076923077 0.15264423076923078
2 0.23557692307692307 0.6189903846153846 0.05889423076923077 0.13221153846153846
2 0.4891826923076923 0.7620192307692307 0.08653846153846154 0.12740384615384615
2 0.3329326923076923 0.8377403846153846 0.13822115384615385 0.125
2 0.5420673076923077 0.8798076923076923 0.09375 0.13822115384615385
2 0.19262019230769228 0.6992548076923076 0.07997596153846155 0.10362980769230769
1 0.4530288461538462 0.8464423076923077 0.08793269230769231 0.06548076923076923
2 0.15295673076923078 0.1809375 0.20096153846153844 0.2689423076923077
3 0.38432692307692307 0.35399038461538457 0.10153846153846155 0.10221153846153846
3 0.30600961538461535 0.3680048076923077 0.10639423076923077 0.1382451923076923
2 0.22709134615384616 0.4653365384615385 0.10079326923076923 0.1165625
2 0.3871153846153846 0.49896634615384616 0.16848557692307692 0.13579326923076923