2 0.14241157556270095 0.285048231511254 0.0961897106109325 0.14614147909967842
2 0.5676205787781351 0.14662379421221872 0.19110932475884246 0.11350482315112535
3 0.6793408360128618 0.13234726688102902 0.06091639871382634 0.08175241157556255
2 0.4862379421221865 0.2605305466237942 0.1537299035369775 0.10673633440514467
2 0.23665594855305463 0.3368649517684887 0.05000000000000004 0.05053054662379413
2 0.06062700964630225 0.32683279742765275 0.09659163987138264 0.09472668810289382
3 0.082524115755627 0.30612540192926047 0.05680064308681674 0.04368167202572341
2 0.4086816720257235 0.3654180064308682 0.1722025723472669 0.13009646302250796
2 0.24088424437299039 0.4742926045016077 0.09379421221864948 0.06508038585209006
2 0.2794694533762058 0.4333118971061093 0.09702572347266884 0.06665594855305472
3 0.09580385852090033 0.49017684887459806 0.11869774919614146 0.07754019292604504
2 0.5537620578778135 0.48696141479099675 0.11516077170418006 0.10003215434083605
2 0.6391639871382637 0.5130707395498392 0.07699356913183278 0.055852090032154356
2 0.5991639871382637 0.5701286173633441 0.0645176848874598 0.0542765273311897
2 0.4836173633440515 0.5817845659163987 0.0584726688102894 0.07115755627009644
2 0.540096463022508 0.5857877813504824 0.06210610932475884 0.030980707395498363
2 0.38717041800643087 0.6585209003215434 0.04237942122186497 0.05432475884244367
2 0.4386012861736334 0.5283440514469453 0.14086816720257236 0.05747588424437299
2 0.012861736334405145 0.7564308681672026 0.02572347266881029 0.04983922829581994
3 0.06525723472668811 0.5645016077170418 0.06725080385852089 0.03337620578778134
2 0.011254019292604502 0.542604501607717 0.022508038585209004 0.03054662379421222
2 0.2722347266881029 0.5988585209003215 0.15971061093247585 0.07318327974276524
2 0.24871382636655948 0.6438585209003216 0.10625401929260456 0.07963022508038581
2 0.16170418006430867 0.7945337620578778 0.051189710610932485 0.02747588424437304
2 0.16191318327974275 0.8280868167202571 0.05480707395498393 0.020675241157556475
2 0.5165755627009646 0.8690675241157555 0.056864951768488756 0.01908360128617346
2 0.41831189710610933 0.9287459807073954 0.04038585209003216 0.016302250803858682
2 0.28569131832797423 0.8765112540192926 0.03231511254019296 0.02430868167202555
2 0.3098070739549839 0.9237138263665594 0.0483922829581994 0.022331189710611092
2 0.5201929260450161 0.5444051446945337 0.0737459807073955 0.04139871382636656