2 0.8387106918238993 0.28034591194968556 0.09407232704402504 0.14292452830188676
2 0.42286163522012576 0.14496855345911958 0.18690251572327043 0.11100628930817605
3 0.3136006289308176 0.13100628930817618 0.05957547169811318 0.0799528301886791
2 0.5024528301886793 0.2563679245283019 0.15034591194968555 0.10438679245283017
2 0.7465408805031447 0.3310220125786163 0.04889937106918243 0.04941823899371061
2 0.9186949685534591 0.3212106918238994 0.09446540880503133 0.0926415094339622
3 0.8972798742138364 0.3009591194968554 0.05555031446540869 0.04272012578616346
2 0.5783018867924529 0.35894654088050315 0.1684119496855346 0.12723270440251566
2 0.7424056603773584 0.4654245283018868 0.09172955974842754 0.0636477987421384
2 0.7046698113207547 0.4253459119496855 0.09488993710691827 0.06518867924528307
3 0.8842924528301886 0.4809591194968553 0.11608490566037724 0.07583333333333336
2 0.43641509433962267 0.477814465408805 0.11262578616352201 0.09783018867924533
2 0.3528930817610063 0.5033490566037736 0.07529874213836475 0.054622641509433974
2 0.3920125786163522 0.5591509433962264 0.06309748427672955 0.053081761006289294
2 0.5050157232704402 0.5705503144654088 0.05718553459119498 0.06959119496855344
2 0.4497798742138365 0.5744654088050315 0.060738993710691816 0.03029874213836475
2 0.5993396226415094 0.6455974842767296 0.04144654088050317 0.053128930817610005
2 0.5490408805031447 0.5182861635220126 0.1377672955974843 0.05621069182389937
2 0.9739150943396226 0.7405031446540881 0.043742138364779776 0.04808176100628919
3 0.9141666666666666 0.5536477987421383 0.06577044025157221 0.03264150943396225
2 0.9779874213836478 0.5322327044025157 0.0440251572327044 0.029874213836477988
2 0.7117452830188679 0.587248427672956 0.156194968553459 0.07157232704402512
2 0.734748427672956 0.6312578616352201 0.10391509433962269 0.077877358490566
2 0.8198427672955975 0.7786163522012578 0.05006289308176088 0.026871069182389986
2 0.8196383647798742 0.8114308176100627 0.05360062893081748 0.020220125786163723
2 0.4727830188679245 0.8515094339622641 0.05561320754716982 0.018663522012578444
2 0.5688836477987421 0.9098742138364779 0.039496855345911956 0.015943396226415253
2 0.6985849056603773 0.8587893081761007 0.031603773584905695 0.023773584905660207
2 0.675 0.9049528301886792 0.04732704402515727 0.02183962264150959
2 0.9929245283018868 0.8309748427672956 0.014150943396226415 0.06132075471698113
2 0.4692452830188679 0.5339937106918239 0.07212264150943397 0.0404874213836478