2 0.16184375 0.71984375 0.093484375 0.14203125
2 0.57509375 0.8543749999999999 0.185734375 0.1103125
3 0.683671875 0.86825 0.059203125 0.079453125
2 0.496 0.743671875 0.14940625000000002 0.103734375
2 0.2534375 0.669484375 0.048593750000000005 0.049109375
2 0.082359375 0.679234375 0.093875 0.0920625
3 0.103640625 0.699359375 0.055203125 0.042453125
2 0.42062499999999997 0.641734375 0.167359375 0.1264375
2 0.257546875 0.535921875 0.09115625000000001 0.06325
2 0.29504687500000004 0.57575 0.094296875 0.06478125
3 0.11654687500000001 0.520484375 0.115359375 0.07535937499999999
2 0.561625 0.523609375 0.11192187499999999 0.09721874999999999
2 0.644625 0.498234375 0.074828125 0.05428125
2 0.60575 0.44278125 0.062703125 0.05275
2 0.493453125 0.431453125 0.05682812499999999 0.06915625
2 0.54834375 0.42756249999999996 0.06035937500000001 0.030109375
2 0.39971875 0.356875 0.0411875 0.052796875
2 0.449703125 0.483390625 0.13690625 0.055859375
2 0.027484375 0.2625625 0.04346875 0.04778125
3 0.086859375 0.44825 0.065359375 0.0324375
2 0.02265625 0.470125 0.0453125 0.029312500000000002
2 0.288015625 0.414859375 0.15521875000000002 0.07112500000000001
2 0.26515625 0.37112500000000004 0.103265625 0.077390625
2 0.18059375 0.2246875 0.04975 0.026703125
2 0.180796875 0.19207812500000002 0.053265625000000004 0.02009375
2 0.525484375 0.15225 0.055265625 0.018546874999999997
2 0.429984375 0.09425 0.03925 0.01584375
2 0.30109375 0.145015625 0.031406250000000004 0.023625
2 0.32453125 0.09914062500000001 0.047031250000000004 0.021703125
2 0.008 0.173328125 0.016015625 0.06071875
2 0.529 0.46778125 0.071671875 0.040234375