2 0.3157894736842105 0.41842105263157897 0.1 0.12631578947368421
2 0.7210526315789474 0.4631578947368421 0.09473684210526316 0.10526315789473684
2 0.22455263157894736 0.5228157894736841 0.13157894736842105 0.1368421052631579
2 0.8157894736842105 0.5671052631578948 0.12631578947368421 0.15526315789473685
2 0.2986842105263158 0.6039473684210527 0.1394736842105263 0.12894736842105264
2 0.18597368421052632 0.7131578947368421 0.13157894736842105 0.14736842105263157
2 0.30657894736842106 0.7276315789473684 0.14473684210526316 0.16578947368421051
2 0.517 0.4711842105263158 0.10152631578947365 0.10815789473684216
2 0.5213684210526316 0.4181315789473684 0.11028947368421044 0.09855263157894734
2 0.6869210526315789 0.3791052631578947 0.09492105263157907 0.08189473684210527
2 0.8913157894736842 0.46615789473684205 0.0826052631578947 0.09368421052631586
2 0.8487631578947368 0.3867894736842105 0.05892105263157891 0.08410526315789468
2 0.7079736842105262 0.3473157894736842 0.0843947368421054 0.0928947368421053
2 0.497921052631579 0.2756315789473684 0.07652631578947364 0.08547368421052629
2 0.4209473684210526 0.3297894736842105 0.09365789473684204 0.07536842105263154
2 0.6052631578947368 0.8894736842105263 0.19473684210526315 0.22105263157894736
2 0.750736842105263 0.804921052631579 0.19184210526315784 0.2799999999999999
2 0.5865 0.6742631578947369 0.14844736842105255 0.21168421052631595
2 0.4615 0.7220526315789474 0.15284210526315786 0.15815789473684216
2 0.638921052631579 0.49626315789473685 0.09976315789473691 0.11881578947368415
2 0.43607894736842107 0.4824473684210527 0.10197368421052631 0.08681578947368424
2 0.44157894736842107 0.5717105263157894 0.11949999999999991 0.09871052631578944