2 0.31971153846153844 0.43028846153846156 0.09134615384615384 0.11538461538461539
2 0.6899038461538461 0.47115384615384615 0.08653846153846154 0.09615384615384616
2 0.2363701923076923 0.5256490384615384 0.1201923076923077 0.125
2 0.7764423076923077 0.5661057692307693 0.11538461538461539 0.14182692307692307
2 0.30408653846153844 0.5997596153846154 0.12740384615384615 0.11778846153846154
2 0.2011298076923077 0.6995192307692307 0.1201923076923077 0.1346153846153846
2 0.3112980769230769 0.7127403846153846 0.13221153846153846 0.15144230769230768
2 0.5035096153846154 0.47848557692307697 0.09274038461538461 0.09879807692307693
2 0.5075000000000001 0.4300240384615384 0.1007451923076923 0.09002403846153847
2 0.6587259615384615 0.39437500000000003 0.08670673076923077 0.07480769230769231
2 0.8454326923076922 0.47389423076923076 0.07545673076923078 0.08557692307692308
2 0.8065625 0.40139423076923075 0.053822115384615385 0.07682692307692308
2 0.6779567307692307 0.36533653846153846 0.07709134615384615 0.08485576923076922
2 0.4860817307692308 0.29985576923076923 0.06990384615384615 0.07807692307692307
2 0.4157692307692308 0.34932692307692303 0.08555288461538463 0.06884615384615385
2 0.5850240384615385 0.8798076923076923 0.17966346153846152 0.2403846153846154
2 0.7170192307692307 0.7833413461538462 0.17524038461538463 0.2557692307692308
2 0.5669951923076924 0.6639903846153847 0.13560096153846152 0.1933653846153846
2 0.4528125 0.7076442307692308 0.1396153846153846 0.14447115384615386
2 0.6148798076923077 0.5013942307692308 0.09112980769230769 0.10853365384615385
2 0.4295913461538462 0.4887740384615385 0.09314903846153846 0.07930288461538462
2 0.4346153846153846 0.5703125 0.10915865384615384 0.09016826923076923