2 0.3170731707317073 0.5707317073170731 0.09268292682926829 0.11707317073170732
2 0.6926829268292682 0.5292682926829269 0.08780487804878048 0.0975609756097561
2 0.2325121951219512 0.4739756097560976 0.12195121951219512 0.12682926829268293
2 0.7804878048780488 0.4329268292682927 0.11707317073170732 0.14390243902439023
2 0.30121951219512194 0.39878048780487807 0.12926829268292683 0.11951219512195121
2 0.19675609756097562 0.2975609756097561 0.12195121951219512 0.13658536585365855
2 0.30853658536585366 0.2841463414634146 0.13414634146341464 0.15365853658536585
2 0.5035609756097561 0.521829268292683 0.09409756097560971 0.10024390243902445
2 0.507609756097561 0.5710000000000001 0.10221951219512188 0.09134146341463412
2 0.6610487804878048 0.6071707317073171 0.08797560975609768 0.07590243902439026
2 0.8504878048780488 0.5264878048780488 0.07656097560975607 0.08682926829268298
2 0.8110487804878048 0.6000487804878049 0.05460975609756094 0.07795121951219507
2 0.680560975609756 0.6366341463414634 0.07821951219512208 0.08609756097560964
2 0.48587804878048785 0.7030731707317073 0.07092682926829265 0.079219512195122
2 0.4145365853658537 0.6528780487804878 0.08680487804878043 0.06985365853658533
2 0.5853658536585366 0.11829268292682926 0.18048780487804877 0.23658536585365852
2 0.7201951219512195 0.21251219512195121 0.17780487804878042 0.2595121951219512
2 0.5679756097560976 0.3336097560975609 0.13758536585365846 0.19619512195121966
2 0.4521219512195122 0.28931707317073174 0.1416585365853658 0.14658536585365858
2 0.6165609756097561 0.4985853658536585 0.0924634146341464 0.11012195121951214
2 0.4285609756097561 0.511390243902439 0.09451219512195122 0.08046341463414636
2 0.4336585365853659 0.42865853658536585 0.11075609756097553 0.09148780487804876