3 0.8946928327645051 0.6780546075085324 0.12300341296928315 0.12230375426621154
3 0.9194368600682593 0.09119453924914675 0.05303754266211592 0.04075085324232081
3 0.9752559726962458 0.09726962457337884 0.04948805460750853 0.07167235494880546
3 0.15156996587030716 0.5048976109215018 0.1555460750853242 0.031979522184300356
3 0.03754266211604096 0.8284982935153583 0.07508532423208192 0.2645051194539249
3 0.09762798634812293 0.7902389078498293 0.05049488054607495 0.08844709897610928
3 0.08503412969283283 0.8552901023890785 0.04580204778156983 0.06503412969283259
3 0.7807167235494881 0.9795221843003413 0.06313993174061433 0.040955631399317405
3 0.8874402730375426 0.8111262798634812 0.06583617747440261 0.09834470989761092
3 0.985494880546075 0.765358361774744 0.02901023890784983 0.09385665529010238
3 0.15273037542662116 0.9795221843003413 0.03583617747440273 0.040955631399317405
3 0.6771331058020478 0.9126279863481228 0.04624573378839594 0.07610921501706469
3 0.6540955631399318 0.827542662116041 0.034317406143344734 0.09279863481228669
3 0.7315187713310579 0.7354266211604095 0.05691126279863485 0.06213310580204773
3 0.4160580204778157 0.80259385665529 0.08725255972696246 0.09836177474402728
3 0.043515358361774746 0.44283276450511944 0.08703071672354949 0.11774744027303755
3 0.12428327645051201 0.5850682593856655 0.10382252559726958 0.08994880546075092
3 0.05431740614334478 0.5795563139931741 0.0634129692832766 0.08320819112627985
3 0.7044368600682595 0.9418430034129692 0.03566552901023887 0.06542662116040941
3 0.24820819112627984 0.5904095563139932 0.047952218430034166 0.079283276450512
3 0.3463139931740614 0.6725085324232082 0.06295221843003411 0.08563139931740606
3 0.5414846416382253 0.7143003412969283 0.06505119453924915 0.06684300341296921
3 0.05431740614334478 0.3581740614334471 0.08047781569965884 0.07982935153583613
3 0.3631740614334471 0.539863481228669 0.03264505119453924 0.06779863481228672
3 0.4158532423208191 0.5993686006825939 0.07402730375426621 0.08865187713310588
3 0.4088054607508532 0.682320819112628 0.0642150170648464 0.07965870307167226
3 0.5160921501706485 0.581877133105802 0.06121160409556315 0.079283276450512
3 0.4570136518771331 0.6177133105802048 0.04627986348122868 0.06902730375426629
3 0.5421160409556314 0.6424402730375427 0.07742320819112629 0.053651877133105895
3 0.46022184300341296 0.6708191126279864 0.059078498293515365 0.054266211604095484
3 0.5867064846416382 0.7036689419795222 0.032218430034129684 0.06537542662116032
3 0.5602559726962457 0.5848805460750853 0.016860068259385658 0.042696245733788364