3 0.11204687499999999 0.6599062499999999 0.112625 0.111984375
3 0.089390625 0.12256249999999999 0.048562499999999995 0.0373125
3 0.03046875 0.1288125 0.0609375 0.06542187499999999
3 0.79246875 0.501359375 0.142421875 0.029281249999999998
3 0.9143281249999999 0.797734375 0.1018125 0.24234375
3 0.841859375 0.762625 0.046234375 0.080984375
3 0.853390625 0.8221875000000001 0.0419375 0.059546875
3 0.21749999999999997 0.952984375 0.05795312500000001 0.06925
3 0.11868749999999999 0.78175 0.060281249999999995 0.090046875
3 0.021671875 0.74034375 0.043359375 0.085390625
3 0.792453125 0.949859375 0.033046874999999996 0.06301562499999999
3 0.31124999999999997 0.8746875 0.04234375 0.0696875
3 0.33234375 0.79678125 0.031421875 0.08496875000000001
3 0.261453125 0.7124375 0.052109375 0.05689062499999999
3 0.550296875 0.7739375 0.079890625 0.0900625
3 0.8959531249999999 0.4453125 0.088015625 0.10703125
3 0.8174531249999999 0.5747656250000001 0.09506250000000001 0.082359375
3 0.8815156249999999 0.56971875 0.058062499999999996 0.07618749999999999
3 0.28625 0.9014374999999999 0.03265625 0.05990625000000001
3 0.99140625 0.7384062499999999 0.0171875 0.058046875
3 0.703984375 0.57965625 0.04390625 0.07259375
3 0.61415625 0.654828125 0.057640625 0.07840625
3 0.435453125 0.69309375 0.0595625 0.061203125000000004
3 0.8815156249999999 0.36701562499999996 0.07368749999999999 0.07309375
3 0.59871875 0.533375 0.029890624999999997 0.062078125
3 0.550484375 0.5878593750000001 0.06778125 0.081171875
3 0.5569375 0.6638124999999999 0.058796875000000005 0.0729375
3 0.458703125 0.57184375 0.056046874999999996 0.07259375
3 0.512796875 0.60465625 0.042375 0.063203125
3 0.434875 0.6272968750000001 0.070890625 0.049125
3 0.509859375 0.65328125 0.054093749999999996 0.0496875
3 0.394046875 0.683359375 0.0295 0.059859375000000006
3 0.418265625 0.57459375 0.015437500000000002 0.03909375