3 0.11065079365079364 0.6687936507936507 0.11441269841269844 0.1137619047619047
3 0.08763492063492063 0.12292063492063492 0.04933333333333333 0.0379047619047619
3 0.029365079365079365 0.12857142857142856 0.05873015873015873 0.06666666666666667
3 0.8018730158730158 0.5077301587301587 0.14468253968253963 0.02974603174603176
3 0.9256666666666666 0.8088095238095239 0.10342857142857156 0.24619047619047624
3 0.8520476190476189 0.7731428571428571 0.04696825396825384 0.08226984126984134
3 0.8637619047619047 0.8336507936507938 0.042603174603174476 0.06049206349206333
3 0.21666666666666667 0.9650793650793651 0.05873015873015873 0.06984126984126984
3 0.11739682539682539 0.7925714285714286 0.06123809523809526 0.09147619047619047
3 0.01984126984126984 0.75 0.03968253968253968 0.0873015873015873
3 0.8018571428571429 0.9633492063492063 0.03357142857142854 0.0640158730158729
3 0.313015873015873 0.8869841269841269 0.04301587301587305 0.07079365079365064
3 0.33444444444444443 0.8078412698412698 0.03192063492063494 0.0863174603174603
3 0.26242857142857146 0.7221587301587301 0.052936507936507976 0.057793650793650744
3 0.5558571428571428 0.7846349206349206 0.08115873015873015 0.09149206349206347
3 0.9069999999999999 0.4507936507936508 0.08941269841269829 0.10873015873015873
3 0.8272539682539682 0.5823015873015873 0.09657142857142845 0.08366666666666672
3 0.8923333333333333 0.5771746031746032 0.05898412698412711 0.07739682539682538
3 0.2876190476190476 0.9141587301587301 0.03317460317460314 0.06085714285714273
3 0.9976190476190476 0.7484126984126984 0.004761904761904762 0.05873015873015873
3 0.711984126984127 0.5872698412698413 0.04460317460317464 0.07374603174603181
3 0.6207301587301587 0.6636349206349206 0.058555555555555534 0.07965079365079357
3 0.4391904761904762 0.7025079365079365 0.06050793650793652 0.06217460317460311
3 0.8923333333333333 0.3712539682539682 0.07485714285714298 0.07425396825396821
3 0.6050476190476191 0.5402539682539683 0.03036507936507936 0.0630634920634921
3 0.556047619047619 0.5956031746031746 0.06885714285714285 0.08246031746031754
3 0.5626031746031745 0.6727619047619047 0.059730158730158724 0.07409523809523802
3 0.4628095238095238 0.5793333333333334 0.056936507936507945 0.07374603174603181
3 0.5177619047619048 0.6126666666666667 0.04304761904761906 0.06420634920634928
3 0.4386031746031746 0.6356666666666667 0.07201587301587302 0.04990476190476199
3 0.5147777777777778 0.6620634920634921 0.05495238095238096 0.050476190476190404
3 0.3971269841269841 0.6926190476190477 0.02996825396825396 0.06080952380952372
3 0.42173015873015873 0.5821269841269842 0.015682539682539676 0.03971428571428569