3 0.14030351437699687 0.07458466453674122 0.12006389776357831 0.11083067092651756
2 0.6917731629392971 0.12049520766773164 0.20861022364217258 0.1626996805111821
2 0.9281150159744409 0.4353035143769968 0.14376996805111822 0.11980830670926518
2 0.9704472843450479 0.3059105431309904 0.05910543130990415 0.10383386581469649
3 0.5406389776357827 0.3345047923322684 0.12159744408945687 0.03162939297124603
2 0.47413738019169327 0.36603833865814694 0.11680511182108627 0.1026837060702875
2 0.5883546325878595 0.3652396166134185 0.11801916932907347 0.08511182108626193
2 0.17065495207667739 0.297555910543131 0.18662939297124598 0.1214856230031949
1 0.435814696485623 0.5061821086261981 0.07166134185303516 0.039520766773162956
3 0.994408945686901 0.5774760383386581 0.011182108626198083 0.05591054313099041
3 0.9760383386581469 0.8801916932907349 0.04792332268370607 0.07348242811501597
3 0.8053833865814696 0.745926517571885 0.1283386581469647 0.0837060702875399
3 0.3850798722044729 0.7243610223642173 0.18630990415335463 0.12044728434504788
3 0.2255591054313099 0.8103993610223641 0.1348242811501597 0.10482428115015957
3 0.4669488817891374 0.550111821086262 0.11840255591054313 0.04833865814696484
2 0.5076996805111821 0.5652715654952077 0.15154952076677317 0.06183706070287546
3 0.5164856230031949 0.6125718849840256 0.1499520766773163 0.05662939297124608
2 0.5646006389776358 0.6678753993610224 0.08966453674121405 0.09931309904153349
3 0.6478594249201278 0.65370607028754 0.0549361022364217 0.03504792332268379
3 0.4867252396166134 0.6429392971246006 0.08206070287539936 0.0424121405750798