3 0.14836148648648656 0.08224662162162162 0.1269594594594595 0.11719594594594594
2 0.7315033783783784 0.13079391891891892 0.22059121621621627 0.17204391891891896
2 0.9527027027027027 0.46368243243243246 0.0945945945945946 0.1266891891891892
3 0.5716891891891892 0.3570945945945946 0.1285810810810811 0.033445945945945965
2 0.5013682432432433 0.3904391891891892 0.12351351351351351 0.10858108108108104
2 0.6221452702702702 0.38959459459459456 0.12479729729729729 0.08999999999999996
2 0.18045608108108116 0.3180236486486487 0.19734797297297293 0.12846283783783785
1 0.4608445945945946 0.5386317567567568 0.07577702702702704 0.04179054054054056
3 0.8516385135135135 0.7921452702702703 0.1357094594594593 0.08851351351351347
3 0.40719594594594594 0.7693412162162162 0.19701013513513513 0.1273648648648648
3 0.2385135135135135 0.8603209459459459 0.14256756756756753 0.1108445945945944
3 0.4937668918918919 0.5850844594594594 0.1252027027027027 0.05111486486486485
2 0.5368581081081081 0.6011148648648649 0.16025337837837839 0.06538851351351357
3 0.5461486486486486 0.6511317567567568 0.1585641891891892 0.05988175675675683
2 0.597027027027027 0.7096114864864864 0.09481418918918919 0.10501689189189183
3 0.6850675675675676 0.6946283783783784 0.05809121621621619 0.037060810810810904
3 0.514679054054054 0.6832432432432433 0.08677364864864866 0.0448479729729729